Dedicated Positions can be up to 50 sets

ROUND

<dedicated>-150.5,-168.573,145.45,180.000,0.000,90.000</dedicated>   Get Lid Down Round
<dedicated>-150.5,-168.573,180,180.000,0.000,90.000</dedicated>      Get Lid Up Round
<dedicated>-69.636,-101.558,180,-180.000,0.000,0.000</dedicated>     Store Lid Up Round
<dedicated>-69.636,-101.558,88.600,-180.000,0.000,0.000</dedicated>  Store Lid Down Round
<dedicated>152.700,-6.504,200,-180.000,0.000,-85.000</dedicated>     Neutral
<dedicated>-155,-164.6,124.5,-180.000,0.000,90.000</dedicated> SampleHolder Down Round
<dedicated>-155,-164.6,180,-180.000,0.000,90.000</dedicated>   SampleHolder Up Round
<dedicated>53.562,-1.460,205.409,-179.969,-1.129,91.561</dedicated>   Store Position



StartIndex StopIndex

<indx>0,42</indx>
<indx>43,85</indx>
<indx>86,128</indx>
<indx>129,171</indx>
<indx>172,214</indx>
<indx>215,257</indx>
<indx>258,300</indx>
<indx>301,343</indx>
<indx>344,386</indx>
<indx>387,429</indx>
<indx>430,472</indx>
<indx>473,515</indx>
<indx>516,558</indx>
<indx>559,601</indx>
<indx>602,644</indx>
<indx>645,687</indx>
<indx>688,730</indx>
<indx>731,773</indx>
<indx>774,816</indx>
<indx>817,859</indx>
<indx>860,902</indx>
<indx>903,945</indx>
<indx>946,988</indx>
<indx>989,1031</indx>
<indx>1032,1074</indx>
<indx>1075,1117</indx>
<indx>1118,1160</indx>
<indx>1161,1203</indx>
<indx>1204,1246</indx>
<indx>1247,1289</indx>
<indx>1290,1332</indx>
<indx>1333,1375</indx>
<indx>1376,1418</indx>
<indx>1419,1461</indx>
<indx>1462,1504</indx>
<indx>1505,1547</indx>
<indx>1548,1590</indx>
<indx>1591,1633</indx>
<indx>1634,1676</indx>
<indx>1677,1719</indx>
<indx>1720,1762</indx>
<indx>1763,1805</indx>
<indx>1806,1848</indx>
<indx>1849,1891</indx>
<indx>1892,1934</indx>
<indx>1935,1977</indx>
<indx>1978,2020</indx>
<indx>2021,2063</indx>
<indx>2064,2106</indx>
<indx>2107,2149</indx>




order, wait time, and command. Commands can be 1 open grip, 2 close grip, 3
close gripper and check for sample, 4 pause, 5 clear call back at Sample
Position, 6=clear call back at Sample Returned. 7=Clear Sample CB and Pause

<cmd>4,0,1,1,0,0,0,0,3,1,0,0,2,0,0,3,0,1,2,0,0,4,0,0,25,0,0,26,0,3,25,0,0,4,0,0,6,0,0,5,0,1,6,0,0,2,0,0,3,0,3,2,0,0,1,0,0,0,0,1,1,0,0,4,0,7,1,0,0,0,0,3,1,0,0,2,0,0,3,0,1,2,0,0,6,0,0,5,0,3,6,0,0,4,0,0,25,0,0,26,0,1,25,0,0,4,0,0,2,0,0,3,0,3,2,0,0,1,0,0,0,0,1,1,0,1,4,0,6</cmd>

<cmd>4,0,1,1,0,0,0,0,3,1,0,0,2,0,0,3,0,1,2,0,0,4,0,0,27,0,0,28,0,3,27,0,0,4,0,0,6,0,0,5,0,1,6,0,0,2,0,0,3,0,3,2,0,0,1,0,0,0,0,1,1,0,0,4,0,7,1,0,0,0,0,3,1,0,0,2,0,0,3,0,1,2,0,0,6,0,0,5,0,3,6,0,0,4,0,0,27,0,0,28,0,1,27,0,0,4,0,0,2,0,0,3,0,3,2,0,0,1,0,0,0,0,1,1,0,1,4,0,6</cmd>

<cmd>4,0,1,1,0,0,0,0,3,1,0,0,2,0,0,3,0,1,2,0,0,4,0,0,29,0,0,30,0,3,29,0,0,4,0,0,6,0,0,5,0,1,6,0,0,2,0,0,3,0,3,2,0,0,1,0,0,0,0,1,1,0,0,4,0,7,1,0,0,0,0,3,1,0,0,2,0,0,3,0,1,2,0,0,6,0,0,5,0,3,6,0,0,4,0,0,29,0,0,30,0,1,29,0,0,4,0,0,2,0,0,3,0,3,2,0,0,1,0,0,0,0,1,1,0,1,4,0,6</cmd>

<cmd>4,0,1,1,0,0,0,0,3,1,0,0,2,0,0,3,0,1,2,0,0,4,0,0,19,0,0,20,0,3,19,0,0,4,0,0,6,0,0,5,0,1,6,0,0,2,0,0,3,0,3,2,0,0,1,0,0,0,0,1,1,0,0,4,0,7,1,0,0,0,0,3,1,0,0,2,0,0,3,0,1,2,0,0,6,0,0,5,0,3,6,0,0,4,0,0,19,0,0,20,0,1,19,0,0,4,0,0,2,0,0,3,0,3,2,0,0,1,0,0,0,0,1,1,0,1,4,0,6</cmd>

<cmd>4,0,1,1,0,0,0,0,3,1,0,0,2,0,0,3,0,1,2,0,0,4,0,0,21,0,0,22,0,3,21,0,0,4,0,0,6,0,0,5,0,1,6,0,0,2,0,0,3,0,3,2,0,0,1,0,0,0,0,1,1,0,0,4,0,7,1,0,0,0,0,3,1,0,0,2,0,0,3,0,1,2,0,0,6,0,0,5,0,3,6,0,0,4,0,0,21,0,0,22,0,1,21,0,0,4,0,0,2,0,0,3,0,3,2,0,0,1,0,0,0,0,1,1,0,1,4,0,6</cmd>

<cmd>4,0,1,1,0,0,0,0,3,1,0,0,2,0,0,3,0,1,2,0,0,4,0,0,23,0,0,24,0,3,23,0,0,4,0,0,6,0,0,5,0,1,6,0,0,2,0,0,3,0,3,2,0,0,1,0,0,0,0,1,1,0,0,4,0,7,1,0,0,0,0,3,1,0,0,2,0,0,3,0,1,2,0,0,6,0,0,5,0,3,6,0,0,4,0,0,23,0,0,24,0,1,23,0,0,4,0,0,2,0,0,3,0,3,2,0,0,1,0,0,0,0,1,1,0,1,4,0,6</cmd>

<cmd>4,0,1,1,0,0,0,0,3,1,0,0,2,0,0,3,0,1,2,0,0,4,0,0,13,0,0,14,0,3,13,0,0,4,0,0,6,0,0,5,0,1,6,0,0,2,0,0,3,0,3,2,0,0,1,0,0,0,0,1,1,0,0,4,0,7,1,0,0,0,0,3,1,0,0,2,0,0,3,0,1,2,0,0,6,0,0,5,0,3,6,0,0,4,0,0,13,0,0,14,0,1,13,0,0,4,0,0,2,0,0,3,0,3,2,0,0,1,0,0,0,0,1,1,0,1,4,0,6</cmd>

<cmd>4,0,1,1,0,0,0,0,3,1,0,0,2,0,0,3,0,1,2,0,0,4,0,0,15,0,0,16,0,3,15,0,0,4,0,0,6,0,0,5,0,1,6,0,0,2,0,0,3,0,3,2,0,0,1,0,0,0,0,1,1,0,0,4,0,7,1,0,0,0,0,3,1,0,0,2,0,0,3,0,1,2,0,0,6,0,0,5,0,3,6,0,0,4,0,0,15,0,0,16,0,1,15,0,0,4,0,0,2,0,0,3,0,3,2,0,0,1,0,0,0,0,1,1,0,1,4,0,6</cmd>

<cmd>4,0,1,1,0,0,0,0,3,1,0,0,2,0,0,3,0,1,2,0,0,4,0,0,17,0,0,18,0,3,17,0,0,4,0,0,6,0,0,5,0,1,6,0,0,2,0,0,3,0,3,2,0,0,1,0,0,0,0,1,1,0,0,4,0,7,1,0,0,0,0,3,1,0,0,2,0,0,3,0,1,2,0,0,6,0,0,5,0,3,6,0,0,4,0,0,17,0,0,18,0,1,17,0,0,4,0,0,2,0,0,3,0,3,2,0,0,1,0,0,0,0,1,1,0,1,4,0,6</cmd>

<cmd>4,0,1,1,0,0,0,0,3,1,0,0,2,0,0,3,0,1,2,0,0,4,0,0,7,0,0,8,0,3,7,0,0,4,0,0,6,0,0,5,0,1,6,0,0,2,0,0,3,0,3,2,0,0,1,0,0,0,0,1,1,0,0,4,0,7,1,0,0,0,0,3,1,0,0,2,0,0,3,0,1,2,0,0,6,0,0,5,0,3,6,0,0,4,0,0,7,0,0,8,0,1,7,0,0,4,0,0,2,0,0,3,0,3,2,0,0,1,0,0,0,0,1,1,0,1,4,0,6</cmd>

<cmd>4,0,1,1,0,0,0,0,3,1,0,0,2,0,0,3,0,1,2,0,0,4,0,0,9,0,0,10,0,3,9,0,0,4,0,0,6,0,0,5,0,1,6,0,0,2,0,0,3,0,3,2,0,0,1,0,0,0,0,1,1,0,0,4,0,7,1,0,0,0,0,3,1,0,0,2,0,0,3,0,1,2,0,0,6,0,0,5,0,3,6,0,0,4,0,0,9,0,0,10,0,1,9,0,0,4,0,0,2,0,0,3,0,3,2,0,0,1,0,0,0,0,1,1,0,1,4,0,6</cmd>

<cmd>4,0,1,1,0,0,0,0,3,1,0,0,2,0,0,3,0,1,2,0,0,4,0,0,11,0,0,12,0,3,11,0,0,4,0,0,6,0,0,5,0,1,6,0,0,2,0,0,3,0,3,2,0,0,1,0,0,0,0,1,1,0,0,4,0,7,1,0,0,0,0,3,1,0,0,2,0,0,3,0,1,2,0,0,6,0,0,5,0,3,6,0,0,4,0,0,11,0,0,12,0,1,11,0,0,4,0,0,2,0,0,3,0,3,2,0,0,1,0,0,0,0,1,1,0,1,4,0,6</cmd>

<cmd>4,0,1,1,0,0,0,0,3,1,0,0,2,0,0,3,0,1,2,0,0,4,0,0,49,0,0,50,0,3,49,0,0,4,0,0,6,0,0,5,0,1,6,0,0,2,0,0,3,0,3,2,0,0,1,0,0,0,0,1,1,0,0,4,0,7,1,0,0,0,0,3,1,0,0,2,0,0,3,0,1,2,0,0,6,0,0,5,0,3,6,0,0,4,0,0,49,0,0,50,0,1,49,0,0,4,0,0,2,0,0,3,0,3,2,0,0,1,0,0,0,0,1,1,0,1,4,0,6</cmd>

<cmd>4,0,1,1,0,0,0,0,3,1,0,0,2,0,0,3,0,1,2,0,0,4,0,0,51,0,0,52,0,3,51,0,0,4,0,0,6,0,0,5,0,1,6,0,0,2,0,0,3,0,3,2,0,0,1,0,0,0,0,1,1,0,0,4,0,7,1,0,0,0,0,3,1,0,0,2,0,0,3,0,1,2,0,0,6,0,0,5,0,3,6,0,0,4,0,0,51,0,0,52,0,1,51,0,0,4,0,0,2,0,0,3,0,3,2,0,0,1,0,0,0,0,1,1,0,1,4,0,6</cmd>

<cmd>4,0,1,1,0,0,0,0,3,1,0,0,2,0,0,3,0,1,2,0,0,4,0,0,53,0,0,54,0,3,53,0,0,4,0,0,6,0,0,5,0,1,6,0,0,2,0,0,3,0,3,2,0,0,1,0,0,0,0,1,1,0,0,4,0,7,1,0,0,0,0,3,1,0,0,2,0,0,3,0,1,2,0,0,6,0,0,5,0,3,6,0,0,4,0,0,53,0,0,54,0,1,53,0,0,4,0,0,2,0,0,3,0,3,2,0,0,1,0,0,0,0,1,1,0,1,4,0,6</cmd>

<cmd>4,0,1,1,0,0,0,0,3,1,0,0,2,0,0,3,0,1,2,0,0,4,0,0,43,0,0,44,0,3,43,0,0,4,0,0,6,0,0,5,0,1,6,0,0,2,0,0,3,0,3,2,0,0,1,0,0,0,0,1,1,0,0,4,0,7,1,0,0,0,0,3,1,0,0,2,0,0,3,0,1,2,0,0,6,0,0,5,0,3,6,0,0,4,0,0,43,0,0,44,0,1,43,0,0,4,0,0,2,0,0,3,0,3,2,0,0,1,0,0,0,0,1,1,0,1,4,0,6</cmd>

<cmd>4,0,1,1,0,0,0,0,3,1,0,0,2,0,0,3,0,1,2,0,0,4,0,0,45,0,0,46,0,3,45,0,0,4,0,0,6,0,0,5,0,1,6,0,0,2,0,0,3,0,3,2,0,0,1,0,0,0,0,1,1,0,0,4,0,7,1,0,0,0,0,3,1,0,0,2,0,0,3,0,1,2,0,0,6,0,0,5,0,3,6,0,0,4,0,0,45,0,0,46,0,1,45,0,0,4,0,0,2,0,0,3,0,3,2,0,0,1,0,0,0,0,1,1,0,1,4,0,6</cmd>

<cmd>4,0,1,1,0,0,0,0,3,1,0,0,2,0,0,3,0,1,2,0,0,4,0,0,47,0,0,48,0,3,47,0,0,4,0,0,6,0,0,5,0,1,6,0,0,2,0,0,3,0,3,2,0,0,1,0,0,0,0,1,1,0,0,4,0,7,1,0,0,0,0,3,1,0,0,2,0,0,3,0,1,2,0,0,6,0,0,5,0,3,6,0,0,4,0,0,47,0,0,48,0,1,47,0,0,4,0,0,2,0,0,3,0,3,2,0,0,1,0,0,0,0,1,1,0,1,4,0,6</cmd>

<cmd>4,0,1,1,0,0,0,0,3,1,0,0,2,0,0,3,0,1,2,0,0,4,0,0,37,0,0,38,0,3,37,0,0,4,0,0,6,0,0,5,0,1,6,0,0,2,0,0,3,0,3,2,0,0,1,0,0,0,0,1,1,0,0,4,0,7,1,0,0,0,0,3,1,0,0,2,0,0,3,0,1,2,0,0,6,0,0,5,0,3,6,0,0,4,0,0,37,0,0,38,0,1,37,0,0,4,0,0,2,0,0,3,0,3,2,0,0,1,0,0,0,0,1,1,0,1,4,0,6</cmd>

<cmd>4,0,1,1,0,0,0,0,3,1,0,0,2,0,0,3,0,1,2,0,0,4,0,0,39,0,0,40,0,3,39,0,0,4,0,0,6,0,0,5,0,1,6,0,0,2,0,0,3,0,3,2,0,0,1,0,0,0,0,1,1,0,0,4,0,7,1,0,0,0,0,3,1,0,0,2,0,0,3,0,1,2,0,0,6,0,0,5,0,3,6,0,0,4,0,0,39,0,0,40,0,1,39,0,0,4,0,0,2,0,0,3,0,3,2,0,0,1,0,0,0,0,1,1,0,1,4,0,6</cmd>

<cmd>4,0,1,1,0,0,0,0,3,1,0,0,2,0,0,3,0,1,2,0,0,4,0,0,41,0,0,42,0,3,41,0,0,4,0,0,6,0,0,5,0,1,6,0,0,2,0,0,3,0,3,2,0,0,1,0,0,0,0,1,1,0,0,4,0,7,1,0,0,0,0,3,1,0,0,2,0,0,3,0,1,2,0,0,6,0,0,5,0,3,6,0,0,4,0,0,41,0,0,42,0,1,41,0,0,4,0,0,2,0,0,3,0,3,2,0,0,1,0,0,0,0,1,1,0,1,4,0,6</cmd>

<cmd>4,0,1,1,0,0,0,0,3,1,0,0,2,0,0,3,0,1,2,0,0,4,0,0,31,0,0,32,0,3,31,0,0,4,0,0,6,0,0,5,0,1,6,0,0,2,0,0,3,0,3,2,0,0,1,0,0,0,0,1,1,0,0,4,0,7,1,0,0,0,0,3,1,0,0,2,0,0,3,0,1,2,0,0,6,0,0,5,0,3,6,0,0,4,0,0,31,0,0,32,0,1,31,0,0,4,0,0,2,0,0,3,0,3,2,0,0,1,0,0,0,0,1,1,0,1,4,0,6</cmd>

<cmd>4,0,1,1,0,0,0,0,3,1,0,0,2,0,0,3,0,1,2,0,0,4,0,0,33,0,0,34,0,3,33,0,0,4,0,0,6,0,0,5,0,1,6,0,0,2,0,0,3,0,3,2,0,0,1,0,0,0,0,1,1,0,0,4,0,7,1,0,0,0,0,3,1,0,0,2,0,0,3,0,1,2,0,0,6,0,0,5,0,3,6,0,0,4,0,0,33,0,0,34,0,1,33,0,0,4,0,0,2,0,0,3,0,3,2,0,0,1,0,0,0,0,1,1,0,1,4,0,6</cmd>

<cmd>4,0,1,1,0,0,0,0,3,1,0,0,2,0,0,3,0,1,2,0,0,4,0,0,35,0,0,36,0,3,35,0,0,4,0,0,6,0,0,5,0,1,6,0,0,2,0,0,3,0,3,2,0,0,1,0,0,0,0,1,1,0,0,4,0,7,1,0,0,0,0,3,1,0,0,2,0,0,3,0,1,2,0,0,6,0,0,5,0,3,6,0,0,4,0,0,35,0,0,36,0,1,35,0,0,4,0,0,2,0,0,3,0,3,2,0,0,1,0,0,0,0,1,1,0,1,4,0,6</cmd>

<cmd>4,0,1,1,0,0,0,0,3,1,0,0,2,0,0,3,0,1,2,0,0,4,0,0,73,0,0,74,0,3,73,0,0,4,0,0,6,0,0,5,0,1,6,0,0,2,0,0,3,0,3,2,0,0,1,0,0,0,0,1,1,0,0,4,0,7,1,0,0,0,0,3,1,0,0,2,0,0,3,0,1,2,0,0,6,0,0,5,0,3,6,0,0,4,0,0,73,0,0,74,0,1,73,0,0,4,0,0,2,0,0,3,0,3,2,0,0,1,0,0,0,0,1,1,0,1,4,0,6</cmd>

<cmd>4,0,1,1,0,0,0,0,3,1,0,0,2,0,0,3,0,1,2,0,0,4,0,0,75,0,0,76,0,3,75,0,0,4,0,0,6,0,0,5,0,1,6,0,0,2,0,0,3,0,3,2,0,0,1,0,0,0,0,1,1,0,0,4,0,7,1,0,0,0,0,3,1,0,0,2,0,0,3,0,1,2,0,0,6,0,0,5,0,3,6,0,0,4,0,0,75,0,0,76,0,1,75,0,0,4,0,0,2,0,0,3,0,3,2,0,0,1,0,0,0,0,1,1,0,1,4,0,6</cmd>

<cmd>4,0,1,1,0,0,0,0,3,1,0,0,2,0,0,3,0,1,2,0,0,4,0,0,77,0,0,78,0,3,77,0,0,4,0,0,6,0,0,5,0,1,6,0,0,2,0,0,3,0,3,2,0,0,1,0,0,0,0,1,1,0,0,4,0,7,1,0,0,0,0,3,1,0,0,2,0,0,3,0,1,2,0,0,6,0,0,5,0,3,6,0,0,4,0,0,77,0,0,78,0,1,77,0,0,4,0,0,2,0,0,3,0,3,2,0,0,1,0,0,0,0,1,1,0,1,4,0,6</cmd>

<cmd>4,0,1,1,0,0,0,0,3,1,0,0,2,0,0,3,0,1,2,0,0,4,0,0,67,0,0,68,0,3,67,0,0,4,0,0,6,0,0,5,0,1,6,0,0,2,0,0,3,0,3,2,0,0,1,0,0,0,0,1,1,0,0,4,0,7,1,0,0,0,0,3,1,0,0,2,0,0,3,0,1,2,0,0,6,0,0,5,0,3,6,0,0,4,0,0,67,0,0,68,0,1,67,0,0,4,0,0,2,0,0,3,0,3,2,0,0,1,0,0,0,0,1,1,0,1,4,0,6</cmd>

<cmd>4,0,1,1,0,0,0,0,3,1,0,0,2,0,0,3,0,1,2,0,0,4,0,0,69,0,0,70,0,3,69,0,0,4,0,0,6,0,0,5,0,1,6,0,0,2,0,0,3,0,3,2,0,0,1,0,0,0,0,1,1,0,0,4,0,7,1,0,0,0,0,3,1,0,0,2,0,0,3,0,1,2,0,0,6,0,0,5,0,3,6,0,0,4,0,0,69,0,0,70,0,1,69,0,0,4,0,0,2,0,0,3,0,3,2,0,0,1,0,0,0,0,1,1,0,1,4,0,6</cmd>

<cmd>4,0,1,1,0,0,0,0,3,1,0,0,2,0,0,3,0,1,2,0,0,4,0,0,71,0,0,72,0,3,71,0,0,4,0,0,6,0,0,5,0,1,6,0,0,2,0,0,3,0,3,2,0,0,1,0,0,0,0,1,1,0,0,4,0,7,1,0,0,0,0,3,1,0,0,2,0,0,3,0,1,2,0,0,6,0,0,5,0,3,6,0,0,4,0,0,71,0,0,72,0,1,71,0,0,4,0,0,2,0,0,3,0,3,2,0,0,1,0,0,0,0,1,1,0,1,4,0,6</cmd>

<cmd>4,0,1,1,0,0,0,0,3,1,0,0,2,0,0,3,0,1,2,0,0,4,0,0,61,0,0,62,0,3,61,0,0,4,0,0,6,0,0,5,0,1,6,0,0,2,0,0,3,0,3,2,0,0,1,0,0,0,0,1,1,0,0,4,0,7,1,0,0,0,0,3,1,0,0,2,0,0,3,0,1,2,0,0,6,0,0,5,0,3,6,0,0,4,0,0,61,0,0,62,0,1,61,0,0,4,0,0,2,0,0,3,0,3,2,0,0,1,0,0,0,0,1,1,0,1,4,0,6</cmd>

<cmd>4,0,1,1,0,0,0,0,3,1,0,0,2,0,0,3,0,1,2,0,0,4,0,0,63,0,0,64,0,3,63,0,0,4,0,0,6,0,0,5,0,1,6,0,0,2,0,0,3,0,3,2,0,0,1,0,0,0,0,1,1,0,0,4,0,7,1,0,0,0,0,3,1,0,0,2,0,0,3,0,1,2,0,0,6,0,0,5,0,3,6,0,0,4,0,0,63,0,0,64,0,1,63,0,0,4,0,0,2,0,0,3,0,3,2,0,0,1,0,0,0,0,1,1,0,1,4,0,6</cmd>

<cmd>4,0,1,1,0,0,0,0,3,1,0,0,2,0,0,3,0,1,2,0,0,4,0,0,65,0,0,66,0,3,65,0,0,4,0,0,6,0,0,5,0,1,6,0,0,2,0,0,3,0,3,2,0,0,1,0,0,0,0,1,1,0,0,4,0,7,1,0,0,0,0,3,1,0,0,2,0,0,3,0,1,2,0,0,6,0,0,5,0,3,6,0,0,4,0,0,65,0,0,66,0,1,65,0,0,4,0,0,2,0,0,3,0,3,2,0,0,1,0,0,0,0,1,1,0,1,4,0,6</cmd>

<cmd>4,0,1,1,0,0,0,0,3,1,0,0,2,0,0,3,0,1,2,0,0,4,0,0,55,0,0,56,0,3,55,0,0,4,0,0,6,0,0,5,0,1,6,0,0,2,0,0,3,0,3,2,0,0,1,0,0,0,0,1,1,0,0,4,0,7,1,0,0,0,0,3,1,0,0,2,0,0,3,0,1,2,0,0,6,0,0,5,0,3,6,0,0,4,0,0,55,0,0,56,0,1,55,0,0,4,0,0,2,0,0,3,0,3,2,0,0,1,0,0,0,0,1,1,0,1,4,0,6</cmd>

<cmd>4,0,1,1,0,0,0,0,3,1,0,0,2,0,0,3,0,1,2,0,0,4,0,0,57,0,0,58,0,3,57,0,0,4,0,0,6,0,0,5,0,1,6,0,0,2,0,0,3,0,3,2,0,0,1,0,0,0,0,1,1,0,0,4,0,7,1,0,0,0,0,3,1,0,0,2,0,0,3,0,1,2,0,0,6,0,0,5,0,3,6,0,0,4,0,0,57,0,0,58,0,1,57,0,0,4,0,0,2,0,0,3,0,3,2,0,0,1,0,0,0,0,1,1,0,1,4,0,6</cmd>

<cmd>4,0,1,1,0,0,0,0,3,1,0,0,2,0,0,3,0,1,2,0,0,4,0,0,59,0,0,60,0,3,59,0,0,4,0,0,6,0,0,5,0,1,6,0,0,2,0,0,3,0,3,2,0,0,1,0,0,0,0,1,1,0,0,4,0,7,1,0,0,0,0,3,1,0,0,2,0,0,3,0,1,2,0,0,6,0,0,5,0,3,6,0,0,4,0,0,59,0,0,60,0,1,59,0,0,4,0,0,2,0,0,3,0,3,2,0,0,1,0,0,0,0,1,1,0,1,4,0,6</cmd>

<cmd>4,0,1,1,0,0,0,0,3,1,0,0,2,0,0,3,0,1,2,0,0,4,0,0,97,0,0,98,0,3,97,0,0,4,0,0,6,0,0,5,0,1,6,0,0,2,0,0,3,0,3,2,0,0,1,0,0,0,0,1,1,0,0,4,0,7,1,0,0,0,0,3,1,0,0,2,0,0,3,0,1,2,0,0,6,0,0,5,0,3,6,0,0,4,0,0,97,0,0,98,0,1,97,0,0,4,0,0,2,0,0,3,0,3,2,0,0,1,0,0,0,0,1,1,0,1,4,0,6</cmd>

<cmd>4,0,1,1,0,0,0,0,3,1,0,0,2,0,0,3,0,1,2,0,0,4,0,0,99,0,0,100,0,3,99,0,0,4,0,0,6,0,0,5,0,1,6,0,0,2,0,0,3,0,3,2,0,0,1,0,0,0,0,1,1,0,0,4,0,7,1,0,0,0,0,3,1,0,0,2,0,0,3,0,1,2,0,0,6,0,0,5,0,3,6,0,0,4,0,0,99,0,0,100,0,1,99,0,0,4,0,0,2,0,0,3,0,3,2,0,0,1,0,0,0,0,1,1,0,1,4,0,6</cmd>

<cmd>4,0,1,1,0,0,0,0,3,1,0,0,2,0,0,3,0,1,2,0,0,4,0,0,101,0,0,102,0,3,101,0,0,4,0,0,6,0,0,5,0,1,6,0,0,2,0,0,3,0,3,2,0,0,1,0,0,0,0,1,1,0,0,4,0,7,1,0,0,0,0,3,1,0,0,2,0,0,3,0,1,2,0,0,6,0,0,5,0,3,6,0,0,4,0,0,101,0,0,102,0,1,101,0,0,4,0,0,2,0,0,3,0,3,2,0,0,1,0,0,0,0,1,1,0,1,4,0,6</cmd>

<cmd>4,0,1,1,0,0,0,0,3,1,0,0,2,0,0,3,0,1,2,0,0,4,0,0,91,0,0,92,0,3,91,0,0,4,0,0,6,0,0,5,0,1,6,0,0,2,0,0,3,0,3,2,0,0,1,0,0,0,0,1,1,0,0,4,0,7,1,0,0,0,0,3,1,0,0,2,0,0,3,0,1,2,0,0,6,0,0,5,0,3,6,0,0,4,0,0,91,0,0,92,0,1,91,0,0,4,0,0,2,0,0,3,0,3,2,0,0,1,0,0,0,0,1,1,0,1,4,0,6</cmd>

<cmd>4,0,1,1,0,0,0,0,3,1,0,0,2,0,0,3,0,1,2,0,0,4,0,0,93,0,0,94,0,3,93,0,0,4,0,0,6,0,0,5,0,1,6,0,0,2,0,0,3,0,3,2,0,0,1,0,0,0,0,1,1,0,0,4,0,7,1,0,0,0,0,3,1,0,0,2,0,0,3,0,1,2,0,0,6,0,0,5,0,3,6,0,0,4,0,0,93,0,0,94,0,1,93,0,0,4,0,0,2,0,0,3,0,3,2,0,0,1,0,0,0,0,1,1,0,1,4,0,6</cmd>

<cmd>4,0,1,1,0,0,0,0,3,1,0,0,2,0,0,3,0,1,2,0,0,4,0,0,95,0,0,96,0,3,95,0,0,4,0,0,6,0,0,5,0,1,6,0,0,2,0,0,3,0,3,2,0,0,1,0,0,0,0,1,1,0,0,4,0,7,1,0,0,0,0,3,1,0,0,2,0,0,3,0,1,2,0,0,6,0,0,5,0,3,6,0,0,4,0,0,95,0,0,96,0,1,95,0,0,4,0,0,2,0,0,3,0,3,2,0,0,1,0,0,0,0,1,1,0,1,4,0,6</cmd>

<cmd>4,0,1,1,0,0,0,0,3,1,0,0,2,0,0,3,0,1,2,0,0,4,0,0,85,0,0,86,0,3,85,0,0,4,0,0,6,0,0,5,0,1,6,0,0,2,0,0,3,0,3,2,0,0,1,0,0,0,0,1,1,0,0,4,0,7,1,0,0,0,0,3,1,0,0,2,0,0,3,0,1,2,0,0,6,0,0,5,0,3,6,0,0,4,0,0,85,0,0,86,0,1,85,0,0,4,0,0,2,0,0,3,0,3,2,0,0,1,0,0,0,0,1,1,0,1,4,0,6</cmd>

<cmd>4,0,1,1,0,0,0,0,3,1,0,0,2,0,0,3,0,1,2,0,0,4,0,0,87,0,0,88,0,3,87,0,0,4,0,0,6,0,0,5,0,1,6,0,0,2,0,0,3,0,3,2,0,0,1,0,0,0,0,1,1,0,0,4,0,7,1,0,0,0,0,3,1,0,0,2,0,0,3,0,1,2,0,0,6,0,0,5,0,3,6,0,0,4,0,0,87,0,0,88,0,1,87,0,0,4,0,0,2,0,0,3,0,3,2,0,0,1,0,0,0,0,1,1,0,1,4,0,6</cmd>

<cmd>4,0,1,1,0,0,0,0,3,1,0,0,2,0,0,3,0,1,2,0,0,4,0,0,89,0,0,90,0,3,89,0,0,4,0,0,6,0,0,5,0,1,6,0,0,2,0,0,3,0,3,2,0,0,1,0,0,0,0,1,1,0,0,4,0,7,1,0,0,0,0,3,1,0,0,2,0,0,3,0,1,2,0,0,6,0,0,5,0,3,6,0,0,4,0,0,89,0,0,90,0,1,89,0,0,4,0,0,2,0,0,3,0,3,2,0,0,1,0,0,0,0,1,1,0,1,4,0,6</cmd>

<cmd>4,0,1,1,0,0,0,0,3,1,0,0,2,0,0,3,0,1,2,0,0,4,0,0,79,0,0,80,0,3,79,0,0,4,0,0,6,0,0,5,0,1,6,0,0,2,0,0,3,0,3,2,0,0,1,0,0,0,0,1,1,0,0,4,0,7,1,0,0,0,0,3,1,0,0,2,0,0,3,0,1,2,0,0,6,0,0,5,0,3,6,0,0,4,0,0,79,0,0,80,0,1,79,0,0,4,0,0,2,0,0,3,0,3,2,0,0,1,0,0,0,0,1,1,0,1,4,0,6</cmd>

<cmd>4,0,1,1,0,0,0,0,3,1,0,0,2,0,0,3,0,1,2,0,0,4,0,0,81,0,0,82,0,3,81,0,0,4,0,0,6,0,0,5,0,1,6,0,0,2,0,0,3,0,3,2,0,0,1,0,0,0,0,1,1,0,0,4,0,7,1,0,0,0,0,3,1,0,0,2,0,0,3,0,1,2,0,0,6,0,0,5,0,3,6,0,0,4,0,0,81,0,0,82,0,1,81,0,0,4,0,0,2,0,0,3,0,3,2,0,0,1,0,0,0,0,1,1,0,1,4,0,6</cmd>

<cmd>4,0,1,1,0,0,0,0,3,1,0,0,2,0,0,3,0,1,2,0,0,4,0,0,83,0,0,84,0,3,83,0,0,4,0,0,6,0,0,5,0,1,6,0,0,2,0,0,3,0,3,2,0,0,1,0,0,0,0,1,1,0,0,4,0,7,1,0,0,0,0,3,1,0,0,2,0,0,3,0,1,2,0,0,6,0,0,5,0,3,6,0,0,4,0,0,83,0,0,84,0,1,83,0,0,4,0,0,2,0,0,3,0,3,2,0,0,1,0,0,0,0,1,1,0,1,4,0,6</cmd>


ROUND BANJO PURGE BASKET
0MoveLin(-150.5,-168.573,145.45,180.000,0.000,90.000)Light Cover Get Down
1MoveLin(-150.5,-168.573,180,180.000,0.000,90.000)   Light Cover Get Up 
2MoveLin(-69.636,-101.558,180,-180.000,0.000,0.000)Light Cover Store Up
3MoveLin(-69.636,-101.558,88.600,-180.000,0.000,0.000)Light Cover Store Down

4MoveLin(152.700,-6.504,200,-180.000,0.000,-85.000) Neutral
5MoveLin(-155,-164.6,124.5,-180.000,0.000,90.000)  Sample holder dn pos basket
6MoveLin(-155,-164.6,180,-180.000,0.000,90.000)    Sample holder up pos basket

CASSETTE A
7MoveLin(-107.7,185.688,200,180.000,0.000,180.000)        S10A sample UP cassette
8MoveLin(-107.7,185.688,136.8,180.000,0.000,180.000)      S10A sample DOWN cassette

9MoveLin(-69.7,185.888,200,180.000,0.000,180.000)         S11A sample UP cassette
10MoveLin(-69.7,185.888,136.8,180.000,0.000,180.000)       S11A sample DOWN cassette

11MoveLin(-31.285,186.088,200,180.000,0.000,180.000)         S12A sample UP cassette
12MoveLin(-31.285,186.088,136.8,180.000,0.000,180.000)       S12A sample DOWN cassette

13MoveLin(-107.7,166.058,200,180.000,0.000,180.000)        S7A sample UP cassette
14MoveLin(-107.7,166.058,136.8,180.000,0.000,180.000)      S7A sample DOWN cassette

15MoveLin(-69.7,166.158,200,180.000,0.000,180.000)         S8A sample UP cassette
16MoveLin(-69.7,166.158,136.8,180.000,0.000,180.000)       S8A sample DOWN cassette

17MoveLin(-31.8,166.258,200,180.000,0.000,180.000)           S9A sample UP cassette
18MoveLin(-31.8,166.258,136.8,180.000,0.000,180.000)         S9A sample DOWN cassette

19MoveLin(-107.7,146.428,200,180.000,0.000,180.000)       S4A sample UP cassette
20MoveLin(-107.7,146.428,136.8,180.000,0.000,180.000)     S4A sample DOWN cassette

21MoveLin(-69.7,146.428,200,180.000,0.000,180.000)         S5A sample UP cassette
22MoveLin(-69.7,146.428,136.8,180.000,0.000,180.000)       S5A sample DOWN cassette

23MoveLin(-31.8,146.628,200,180.000,0.000,180.000)             S6A sample UP cassette
24MoveLin(-31.8,146.628,136.8,180.000,0.000,180.000)           S6A sample DOWN cassette

25MoveLin(-107.7,126.798,200,180.000,0.000,180.000)            S1A sample UP cassette
26MoveLin(-107.7,126.798,136.8,180.000,0.000,180.000)         S1A sample DOWN cassette

27MoveLin(-69.7,126.798,200,180.000,0.000,180.000)              S2A sample UP cassette
28MoveLin(-69.7,126.798,136.8,180.000,0.000,180.000)           S2A sample DOWN cassette

29MoveLin(-31.6,126.998,200,180.000,0.000,180.000)              S3A sample UP cassette
30MoveLin(-31.6,126.998,136.8,180.000,0.000,180.000)           S3A sample DOWN cassette


CASSETTE B
31MoveLin(35,185.6,200,180.000,0.000,180.000)                 S10B sample UP cassette
32MoveLin(35,185.6,136.800,180.000,0.000,180.000)          S10B sample DOWN cassette

33MoveLin(73,186.2,200,180.000,0.000,180.000)                     S11B sample UP cassette
34MoveLin(73,186.2,136.800,180.000,0.000,180.000)              S11B sample DOWN cassette

35MoveLin(111.1,186.5,200,180.000,0.000,180.000)                S12B sample UP cassette
36MoveLin(111.1,186.5,136.800,180.000,0.000,180.000)         S12B sample DOWN cassette

37MoveLin(35,166.5,200,180.000,0.000,180.000)                     S7B sample UP cassette
38MoveLin(35,166.5,136.800,180.000,0.000,180.000)              S7B sample DOWN cassette

39MoveLin(73.2,167,200,180.000,0.000,180.000)                     S8B sample UP cassette
40MoveLin(73.2,167,136.800,180.000,0.000,180.000)              S8B sample DOWN cassette

41MoveLin(111.25,167,200,180.000,0.000,180.000)                 S9B sample UP cassette
42MoveLin(111.25,167,136.800,180.000,0.000,180.000)          S9B sample DOWN cassette

43MoveLin(35,146.87,200,180.000,0.000,180.000)                   S4B sample UP cassette
44MoveLin(35,146.87,136.800,180.000,0.000,180.000)            S4B sample DOWN cassette

45MoveLin(73.2,146.87,200,180.000,0.000,180.000)                S5B sample UP cassette
46MoveLin(73.2,146.87,136.800,180.000,0.000,180.000)         S5B sample DOWN cassette

47MoveLin(111.5,147,200,180.000,0.000,180.000)                   S6B sample UP cassette
48MoveLin(111.5,147,136.800,180.000,0.000,180.000)            S6B sample DOWN cassette

49MoveLin(35,127.24,200,180.000,0.000,180.000)                S1B sample UP cassette
50MoveLin(35,127.24,136.800,180.000,0.000,180.000)         S1B sample DOWN cassette

51MoveLin(73.3,127.24,200,180.000,0.000,180.000)                S2B sample UP cassette
52MoveLin(73.3,127.24,136.800,180.000,0.000,180.000)         S2B sample DOWN cassette

53MoveLin(111.5,127.35,200,180.000,0.000,180.000)              S3B sample UP cassette
54MoveLin(111.5,127.35,136.800,180.000,0.000,180.000)       S3B sample DOWN cassette



CASSETTE C
55MoveLin(186.465,134.534,188,180.000,0.000,-90.000)          S10C sample UP cassette
56MoveLin(186.465,134.534,136.8,180.000,0.000,-90.000)       S10C sample DN cassette

57MoveLin(186.465,96.434,188,180.000,0.000,-90.000)            S11C sample UP cassette
58MoveLin(186.465,96.434,136.8,180.000,0.000,-90.000)         S11C sample DN cassette

59MoveLin(186.715,58.334,200,180.000,0.000,-90.000)            S12C sample UP cassette
60MoveLin(186.715,58.334,136.8,180.000,0.000,-90.000)         S12C sample DOWN cassette

61MoveLin(166.835,134.534,188,180.000,0.000,-90.000)          S7C sample UP cassette
62MoveLin(166.835,134.534,136.8,180.000,0.000,-90.000)       S7C sample DN cassette

63MoveLin(167.009,96.729,200,-180.000,0.000,-90.000)          S8C sample UP cassette
64MoveLin(167.009,96.729,136.8,-180.000,0.000,-90.000)       S8C sample DOWN cassette

65MoveLin(166.835,58.334,188,180.000,0.000,-90.000)            S9C sample UP cassette
66MoveLin(166.835,58.334,136.8,180.000,0.000,-90.000)         S9C sample DN cassette

67MoveLin(147.205,134.534,188,180.000,0.000,-90.000)          S4C sample UP cassette
68MoveLin(147.205,134.534,136.8,180.000,0.000,-90.000)       S4C sample DN cassette

69MoveLin(147.205,96.434,188,180.000,0.000,-90.000)            S5C sample UP cassette
70MoveLin(147.205,96.434,136.8,180.000,0.000,-90.000)         S5C sample DN cassette

71MoveLin(147.405,58.334,188,180.000,0.000,-90.000)            S6C sample UP cassette
72MoveLin(147.405,58.334,136.8,180.000,0.000,-90.000)         S6C sample DN cassette

73MoveLin(127.771,134.311,200,180.000,0.000,-90.000)          S1C sample UP cassette
74MoveLin(127.771,134.311,136.8,180.000,0.000,-90.000)       S1C sample DOWN cassette

75MoveLin(127.771,96.211,200,180.000,0.000,-90.000)            S2C sample UP cassette
76MoveLin(127.771,96.211,136.8,180.000,0.000,-90.000)         S2C sample DOWN cassette

77MoveLin(127.771,58.111,200,180.000,0.000,-90.000)            S3C sample UP cassette
78MoveLin(127.771,58.111,136.8,180.000,0.000,-90.000)         S3C sample DOWN cassette

CASSETTE D
79MoveLin(187.1,-8.1,200,180.000,0.000,-90.000)                     S10D sample UP cassette
80MoveLin(187.1,-8.1,136.8,180.000,0.000,-90.000)                  S10D sample DN cassette

81MoveLin(187.1,-46.2,200,180.000,0.000,-90.000)                   S11D sample UP cassette
82MoveLin(187.1,-46.2,136.8,180.000,0.000,-90.000)                S11D sample DN cassette

83MoveLin(187.1,-84.868,200,180.000,0.000,-90.000)               S12D sample UP cassette
84MoveLin(187.1,-84.868,136.8,180.000,0.000,-90.000)            S12D sample DN cassette

85MoveLin(167.47,-8.1,200,180.000,0.000,-90.000)                   S7D sample UP cassette
86MoveLin(167.47,-8.1,136.8,180.000,0.000,-90.000)                S7D sample DN cassette

87MoveLin(167.47,-46.5,200,180.000,0.000,-90.000)                 S8D sample UP cassette
88MoveLin(167.47,-46.5,136.8,180.000,0.000,-90.000)              S8D sample DN cassette

89MoveLin(167.47,-84.6,200,180.000,0.000,-90.000)                 S9D sample UP cassette
90MoveLin(167.47,-84.6,136.8,180.000,0.000,-90.000)              S9D sample DN cassette

91MoveLin(147.84,-8.1,200,180.000,0.000,-90.000)                   S4D sample UP cassette
92MoveLin(147.84,-8.1,136.8,180.000,0.000,-90.000)                S4D sample DN cassette

93MoveLin(147.84,-46.5,200,180.000,0.000,-90.000)                 S5D sample UP cassette
94MoveLin(147.84,-46.5,136.8,180.000,0.000,-90.000)              S5D sample DN cassette

95MoveLin(147.84,-84.6,200,180.000,0.000,-90.000)                 S6D sample UP cassette
96MoveLin(147.84,-84.6,136.8,180.000,0.000,-90.000)              S6D sample DN cassette

97MoveLin(128.21,-8.3,200,180.000,0.000,-90.000)                   S1D sample UP cassette
98MoveLin(128.21,-8.3,136.8,180.000,0.000,-90.000)                S1D sample DN cassette

99MoveLin(128.21,-46.8,200,180.000,0.000,-90.000)                 S2D sample UP cassette
100MoveLin(128.21,-46.8,136.8,180.000,0.000,-90.000)              S2D sample DN cassette

101MoveLin(128.21,-84.75,200,180.000,0.000,-90.000)               S3D sample UP cassette
102MoveLin(128.21,-84.75,136.8,180.000,0.000,-90.000)            S3D sample DN cassette
