Dedicated Positions can be up to 50 sets

RECTANGULAR

<dedicated>-147.9,-171.673,145.45,180.000,0.000,90.000</dedicated>  Get Lid Down Rect
<dedicated>-147.9,-171.673,180,180.000,0.000,90.000</dedicated>      Get Lid Up Rect
<dedicated>-69.636,-102.058,180,-180.000,0.000,0.000</dedicated>    Store Lid Up Rect
<dedicated>-69.636,-102.058,88.600,-180.000,0.000,0.000</dedicated> Store Lid Down Rect
<dedicated>152.700,-6.504,200,-180.000,0.000,-85.000</dedicated>     Neutral
<dedicated>-152.374,-164.749,108,180.000,0.000,90.000</dedicated>   SampleHolder Down Rect
<dedicated>-152.374,-164.749,175,180.000,0.000,90.000</dedicated>   SampleHolder Up Rect
<dedicated>53.562,-1.460,205.409,-179.969,-1.129,91.561</dedicated>   Store
Position


StartIndex StopIndex

<indx>0,42</indx>
<indx>43,85</indx>
<indx>86,128</indx>
<indx>129,171</indx>
<indx>172,214</indx>
<indx>215,257</indx>
<indx>258,300</indx>
<indx>301,343</indx>
<indx>344,386</indx>
<indx>387,429</indx>
<indx>430,472</indx>
<indx>473,515</indx>
<indx>516,558</indx>
<indx>559,601</indx>
<indx>602,644</indx>
<indx>645,687</indx>
<indx>688,730</indx>
<indx>731,773</indx>
<indx>774,816</indx>
<indx>817,859</indx>
<indx>860,902</indx>
<indx>903,945</indx>
<indx>946,988</indx>
<indx>989,1031</indx>
<indx>1032,1074</indx>
<indx>1075,1117</indx>
<indx>1118,1160</indx>
<indx>1161,1203</indx>
<indx>1204,1246</indx>
<indx>1247,1289</indx>
<indx>1290,1332</indx>
<indx>1333,1375</indx>
<indx>1376,1418</indx>
<indx>1419,1461</indx>
<indx>1462,1504</indx>
<indx>1505,1547</indx>
<indx>1548,1590</indx>
<indx>1591,1633</indx>
<indx>1634,1676</indx>
<indx>1677,1719</indx>
<indx>1720,1762</indx>
<indx>1763,1805</indx>
<indx>1806,1848</indx>
<indx>1849,1891</indx>
<indx>1892,1934</indx>
<indx>1935,1977</indx>
<indx>1978,2020</indx>
<indx>2021,2063</indx>
<indx>2064,2106</indx>
<indx>2107,2149</indx>
<indx>2107,2149</indx>
<indx>2150,2192</indx>
<indx>2193,2235</indx>
<indx>2236,2278</indx>
<indx>2279,2321</indx>
<indx>2322,2364</indx>
<indx>2365,2407</indx>
<indx>2408,2450</indx>
<indx>2451,2493</indx>
<indx>2494,2536</indx>
<indx>2537,2579</indx>
<indx>2580,2622</indx>
<indx>2623,2665</indx>
<indx>2666,2708</indx>
<indx>2709,2751</indx>
<indx>2752,2794</indx>
<indx>2795,2837</indx>
<indx>2838,2880</indx>
<indx>2881,2923</indx>
<indx>2924,2966</indx>
<indx>2967,3009</indx>
<indx>3010,3052</indx>
<indx>3053,3095</indx>
<indx>3096,3138</indx>
<indx>3139,3181</indx>
<indx>3182,3224</indx>
<indx>3225,3267</indx>
<indx>3268,3310</indx>
<indx>3311,3353</indx>
<indx>3354,3396</indx>
<indx>3397,3439</indx>
<indx>3440,3482</indx>
<indx>3483,3525</indx>
<indx>3526,3568</indx>
<indx>3569,3611</indx>
<indx>3612,3654</indx>
<indx>3655,3697</indx>
<indx>3698,3740</indx>
<indx>3741,3783</indx>
<indx>3784,3826</indx>
<indx>3827,3869</indx>
<indx>3870,3912</indx>
<indx>3913,3955</indx>
<indx>3956,3998</indx>
<indx>3999,4041</indx>
<indx>4042,4084</indx>
<indx>4085,4127</indx>
<indx>4128,4170</indx>
<indx>4171,4213</indx>
<indx>4214,4256</indx>



order, wait time, and command. Commands can be 1 open grip, 2 close grip, 3
close gripper and check for sample, 4 pause, 5 clear call back at Sample 
Position, 6=clear call back at Sample Returned.


<cmd>1,0,1,5,0,0,4,0,3,5,0,0,6,0,0,7,0,1,6,0,0,1,0,0,44,0,0,45,0,3,44,0,0,1,0,0,3,0,0,2,0,1,3,0,0,6,0,0,7,0,3,6,0,0,5,0,0,4,0,1,5,0,0,1,0,4,5,0,0,4,0,3,5,0,0,6,0,0,7,0,1,6,0,0,3,0,0,2,0,3,3,0,0,1,0,0,44,0,0,45,0,1,44,0,0,1,0,0,6,0,0,7,0,3,6,0,0,5,0,0,4,0,1,5,0,1,1,0,6</cmd>
<cmd>1,0,1,5,0,0,4,0,3,5,0,0,6,0,0,7,0,1,6,0,0,1,0,0,46,0,0,47,0,3,46,0,0,1,0,0,3,0,0,2,0,1,3,0,0,6,0,0,7,0,3,6,0,0,5,0,0,4,0,1,5,0,0,1,0,4,5,0,0,4,0,3,5,0,0,6,0,0,7,0,1,6,0,0,3,0,0,2,0,3,3,0,0,1,0,0,46,0,0,47,0,1,46,0,0,1,0,0,6,0,0,7,0,3,6,0,0,5,0,0,4,0,1,5,0,1,1,0,6</cmd>
<cmd>1,0,1,5,0,0,4,0,3,5,0,0,6,0,0,7,0,1,6,0,0,1,0,0,48,0,0,49,0,3,48,0,0,1,0,0,3,0,0,2,0,1,3,0,0,6,0,0,7,0,3,6,0,0,5,0,0,4,0,1,5,0,0,1,0,4,5,0,0,4,0,3,5,0,0,6,0,0,7,0,1,6,0,0,3,0,0,2,0,3,3,0,0,1,0,0,48,0,0,49,0,1,48,0,0,1,0,0,6,0,0,7,0,3,6,0,0,5,0,0,4,0,1,5,0,1,1,0,6</cmd>
<cmd>1,0,1,5,0,0,4,0,3,5,0,0,6,0,0,7,0,1,6,0,0,1,0,0,50,0,0,51,0,3,50,0,0,1,0,0,3,0,0,2,0,1,3,0,0,6,0,0,7,0,3,6,0,0,5,0,0,4,0,1,5,0,0,1,0,4,5,0,0,4,0,3,5,0,0,6,0,0,7,0,1,6,0,0,3,0,0,2,0,3,3,0,0,1,0,0,50,0,0,51,0,1,50,0,0,1,0,0,6,0,0,7,0,3,6,0,0,5,0,0,4,0,1,5,0,1,1,0,6</cmd>
<cmd>1,0,1,5,0,0,4,0,3,5,0,0,6,0,0,7,0,1,6,0,0,1,0,0,52,0,0,53,0,3,52,0,0,1,0,0,3,0,0,2,0,1,3,0,0,6,0,0,7,0,3,6,0,0,5,0,0,4,0,1,5,0,0,1,0,4,5,0,0,4,0,3,5,0,0,6,0,0,7,0,1,6,0,0,3,0,0,2,0,3,3,0,0,1,0,0,52,0,0,53,0,1,52,0,0,1,0,0,6,0,0,7,0,3,6,0,0,5,0,0,4,0,1,5,0,1,1,0,6</cmd>
<cmd>1,0,1,5,0,0,4,0,3,5,0,0,6,0,0,7,0,1,6,0,0,1,0,0,54,0,0,55,0,3,54,0,0,1,0,0,3,0,0,2,0,1,3,0,0,6,0,0,7,0,3,6,0,0,5,0,0,4,0,1,5,0,0,1,0,4,5,0,0,4,0,3,5,0,0,6,0,0,7,0,1,6,0,0,3,0,0,2,0,3,3,0,0,1,0,0,54,0,0,55,0,1,54,0,0,1,0,0,6,0,0,7,0,3,6,0,0,5,0,0,4,0,1,5,0,1,1,0,6</cmd>
<cmd>1,0,1,5,0,0,4,0,3,5,0,0,6,0,0,7,0,1,6,0,0,1,0,0,32,0,0,33,0,3,32,0,0,1,0,0,3,0,0,2,0,1,3,0,0,6,0,0,7,0,3,6,0,0,5,0,0,4,0,1,5,0,0,1,0,4,5,0,0,4,0,3,5,0,0,6,0,0,7,0,1,6,0,0,3,0,0,2,0,3,3,0,0,1,0,0,32,0,0,33,0,1,32,0,0,1,0,0,6,0,0,7,0,3,6,0,0,5,0,0,4,0,1,5,0,1,1,0,6</cmd>
<cmd>1,0,1,5,0,0,4,0,3,5,0,0,6,0,0,7,0,1,6,0,0,1,0,0,34,0,0,35,0,3,34,0,0,1,0,0,3,0,0,2,0,1,3,0,0,6,0,0,7,0,3,6,0,0,5,0,0,4,0,1,5,0,0,1,0,4,5,0,0,4,0,3,5,0,0,6,0,0,7,0,1,6,0,0,3,0,0,2,0,3,3,0,0,1,0,0,34,0,0,35,0,1,34,0,0,1,0,0,6,0,0,7,0,3,6,0,0,5,0,0,4,0,1,5,0,1,1,0,6</cmd>
<cmd>1,0,1,5,0,0,4,0,3,5,0,0,6,0,0,7,0,1,6,0,0,1,0,0,36,0,0,37,0,3,36,0,0,1,0,0,3,0,0,2,0,1,3,0,0,6,0,0,7,0,3,6,0,0,5,0,0,4,0,1,5,0,0,1,0,4,5,0,0,4,0,3,5,0,0,6,0,0,7,0,1,6,0,0,3,0,0,2,0,3,3,0,0,1,0,0,36,0,0,37,0,1,36,0,0,1,0,0,6,0,0,7,0,3,6,0,0,5,0,0,4,0,1,5,0,1,1,0,6</cmd>
<cmd>1,0,1,5,0,0,4,0,3,5,0,0,6,0,0,7,0,1,6,0,0,1,0,0,38,0,0,39,0,3,38,0,0,1,0,0,3,0,0,2,0,1,3,0,0,6,0,0,7,0,3,6,0,0,5,0,0,4,0,1,5,0,0,1,0,4,5,0,0,4,0,3,5,0,0,6,0,0,7,0,1,6,0,0,3,0,0,2,0,3,3,0,0,1,0,0,38,0,0,39,0,1,38,0,0,1,0,0,6,0,0,7,0,3,6,0,0,5,0,0,4,0,1,5,0,1,1,0,6</cmd>
<cmd>1,0,1,5,0,0,4,0,3,5,0,0,6,0,0,7,0,1,6,0,0,1,0,0,40,0,0,41,0,3,40,0,0,1,0,0,3,0,0,2,0,1,3,0,0,6,0,0,7,0,3,6,0,0,5,0,0,4,0,1,5,0,0,1,0,4,5,0,0,4,0,3,5,0,0,6,0,0,7,0,1,6,0,0,3,0,0,2,0,3,3,0,0,1,0,0,40,0,0,41,0,1,40,0,0,1,0,0,6,0,0,7,0,3,6,0,0,5,0,0,4,0,1,5,0,1,1,0,6</cmd>
<cmd>1,0,1,5,0,0,4,0,3,5,0,0,6,0,0,7,0,1,6,0,0,1,0,0,42,0,0,43,0,3,42,0,0,1,0,0,3,0,0,2,0,1,3,0,0,6,0,0,7,0,3,6,0,0,5,0,0,4,0,1,5,0,0,1,0,4,5,0,0,4,0,3,5,0,0,6,0,0,7,0,1,6,0,0,3,0,0,2,0,3,3,0,0,1,0,0,42,0,0,43,0,1,42,0,0,1,0,0,6,0,0,7,0,3,6,0,0,5,0,0,4,0,1,5,0,1,1,0,6</cmd>
<cmd>1,0,1,5,0,0,4,0,3,5,0,0,6,0,0,7,0,1,6,0,0,1,0,0,20,0,0,21,0,3,20,0,0,1,0,0,3,0,0,2,0,1,3,0,0,6,0,0,7,0,3,6,0,0,5,0,0,4,0,1,5,0,0,1,0,4,5,0,0,4,0,3,5,0,0,6,0,0,7,0,1,6,0,0,3,0,0,2,0,3,3,0,0,1,0,0,20,0,0,21,0,1,20,0,0,1,0,0,6,0,0,7,0,3,6,0,0,5,0,0,4,0,1,5,0,1,1,0,6</cmd>
<cmd>1,0,1,5,0,0,4,0,3,5,0,0,6,0,0,7,0,1,6,0,0,1,0,0,22,0,0,23,0,3,22,0,0,1,0,0,3,0,0,2,0,1,3,0,0,6,0,0,7,0,3,6,0,0,5,0,0,4,0,1,5,0,0,1,0,4,5,0,0,4,0,3,5,0,0,6,0,0,7,0,1,6,0,0,3,0,0,2,0,3,3,0,0,1,0,0,22,0,0,23,0,1,22,0,0,1,0,0,6,0,0,7,0,3,6,0,0,5,0,0,4,0,1,5,0,1,1,0,6</cmd>
<cmd>1,0,1,5,0,0,4,0,3,5,0,0,6,0,0,7,0,1,6,0,0,1,0,0,24,0,0,25,0,3,24,0,0,1,0,0,3,0,0,2,0,1,3,0,0,6,0,0,7,0,3,6,0,0,5,0,0,4,0,1,5,0,0,1,0,4,5,0,0,4,0,3,5,0,0,6,0,0,7,0,1,6,0,0,3,0,0,2,0,3,3,0,0,1,0,0,24,0,0,25,0,1,24,0,0,1,0,0,6,0,0,7,0,3,6,0,0,5,0,0,4,0,1,5,0,1,1,0,6</cmd>
<cmd>1,0,1,5,0,0,4,0,3,5,0,0,6,0,0,7,0,1,6,0,0,1,0,0,26,0,0,27,0,3,26,0,0,1,0,0,3,0,0,2,0,1,3,0,0,6,0,0,7,0,3,6,0,0,5,0,0,4,0,1,5,0,0,1,0,4,5,0,0,4,0,3,5,0,0,6,0,0,7,0,1,6,0,0,3,0,0,2,0,3,3,0,0,1,0,0,26,0,0,27,0,1,26,0,0,1,0,0,6,0,0,7,0,3,6,0,0,5,0,0,4,0,1,5,0,1,1,0,6</cmd>
<cmd>1,0,1,5,0,0,4,0,3,5,0,0,6,0,0,7,0,1,6,0,0,1,0,0,28,0,0,29,0,3,28,0,0,1,0,0,3,0,0,2,0,1,3,0,0,6,0,0,7,0,3,6,0,0,5,0,0,4,0,1,5,0,0,1,0,4,5,0,0,4,0,3,5,0,0,6,0,0,7,0,1,6,0,0,3,0,0,2,0,3,3,0,0,1,0,0,28,0,0,29,0,1,28,0,0,1,0,0,6,0,0,7,0,3,6,0,0,5,0,0,4,0,1,5,0,1,1,0,6</cmd>
<cmd>1,0,1,5,0,0,4,0,3,5,0,0,6,0,0,7,0,1,6,0,0,1,0,0,30,0,0,31,0,3,30,0,0,1,0,0,3,0,0,2,0,1,3,0,0,6,0,0,7,0,3,6,0,0,5,0,0,4,0,1,5,0,0,1,0,4,5,0,0,4,0,3,5,0,0,6,0,0,7,0,1,6,0,0,3,0,0,2,0,3,3,0,0,1,0,0,30,0,0,31,0,1,30,0,0,1,0,0,6,0,0,7,0,3,6,0,0,5,0,0,4,0,1,5,0,1,1,0,6</cmd>
<cmd>1,0,1,5,0,0,4,0,3,5,0,0,6,0,0,7,0,1,6,0,0,1,0,0,8,0,0,9,0,3,8,0,0,1,0,0,3,0,0,2,0,1,3,0,0,6,0,0,7,0,3,6,0,0,5,0,0,4,0,1,5,0,0,1,0,4,5,0,0,4,0,3,5,0,0,6,0,0,7,0,1,6,0,0,3,0,0,2,0,3,3,0,0,1,0,0,8,0,0,9,0,1,8,0,0,1,0,0,6,0,0,7,0,3,6,0,0,5,0,0,4,0,1,5,0,1,1,0,6</cmd>
<cmd>1,0,1,5,0,0,4,0,3,5,0,0,6,0,0,7,0,1,6,0,0,1,0,0,10,0,0,11,0,3,10,0,0,1,0,0,3,0,0,2,0,1,3,0,0,6,0,0,7,0,3,6,0,0,5,0,0,4,0,1,5,0,0,1,0,4,5,0,0,4,0,3,5,0,0,6,0,0,7,0,1,6,0,0,3,0,0,2,0,3,3,0,0,1,0,0,10,0,0,11,0,1,10,0,0,1,0,0,6,0,0,7,0,3,6,0,0,5,0,0,4,0,1,5,0,1,1,0,6</cmd>
<cmd>1,0,1,5,0,0,4,0,3,5,0,0,6,0,0,7,0,1,6,0,0,1,0,0,12,0,0,13,0,3,12,0,0,1,0,0,3,0,0,2,0,1,3,0,0,6,0,0,7,0,3,6,0,0,5,0,0,4,0,1,5,0,0,1,0,4,5,0,0,4,0,3,5,0,0,6,0,0,7,0,1,6,0,0,3,0,0,2,0,3,3,0,0,1,0,0,12,0,0,13,0,1,12,0,0,1,0,0,6,0,0,7,0,3,6,0,0,5,0,0,4,0,1,5,0,1,1,0,6</cmd>
<cmd>1,0,1,5,0,0,4,0,3,5,0,0,6,0,0,7,0,1,6,0,0,1,0,0,14,0,0,15,0,3,14,0,0,1,0,0,3,0,0,2,0,1,3,0,0,6,0,0,7,0,3,6,0,0,5,0,0,4,0,1,5,0,0,1,0,4,5,0,0,4,0,3,5,0,0,6,0,0,7,0,1,6,0,0,3,0,0,2,0,3,3,0,0,1,0,0,14,0,0,15,0,1,14,0,0,1,0,0,6,0,0,7,0,3,6,0,0,5,0,0,4,0,1,5,0,1,1,0,6</cmd>
<cmd>1,0,1,5,0,0,4,0,3,5,0,0,6,0,0,7,0,1,6,0,0,1,0,0,16,0,0,17,0,3,16,0,0,1,0,0,3,0,0,2,0,1,3,0,0,6,0,0,7,0,3,6,0,0,5,0,0,4,0,1,5,0,0,1,0,4,5,0,0,4,0,3,5,0,0,6,0,0,7,0,1,6,0,0,3,0,0,2,0,3,3,0,0,1,0,0,16,0,0,17,0,1,16,0,0,1,0,0,6,0,0,7,0,3,6,0,0,5,0,0,4,0,1,5,0,1,1,0,6</cmd>
<cmd>1,0,1,5,0,0,4,0,3,5,0,0,6,0,0,7,0,1,6,0,0,1,0,0,18,0,0,19,0,3,18,0,0,1,0,0,3,0,0,2,0,1,3,0,0,6,0,0,7,0,3,6,0,0,5,0,0,4,0,1,5,0,0,1,0,4,5,0,0,4,0,3,5,0,0,6,0,0,7,0,1,6,0,0,3,0,0,2,0,3,3,0,0,1,0,0,18,0,0,19,0,1,18,0,0,1,0,0,6,0,0,7,0,3,6,0,0,5,0,0,4,0,1,5,0,1,1,0,6</cmd>
<cmd>1,0,1,5,0,0,4,0,3,5,0,0,6,0,0,7,0,1,6,0,0,1,0,0,92,0,0,93,0,3,92,0,0,1,0,0,3,0,0,2,0,1,3,0,0,6,0,0,7,0,3,6,0,0,5,0,0,4,0,1,5,0,0,1,0,4,5,0,0,4,0,3,5,0,0,6,0,0,7,0,1,6,0,0,3,0,0,2,0,3,3,0,0,1,0,0,92,0,0,93,0,1,92,0,0,1,0,0,6,0,0,7,0,3,6,0,0,5,0,0,4,0,1,5,0,1,1,0,6</cmd>
<cmd>1,0,1,5,0,0,4,0,3,5,0,0,6,0,0,7,0,1,6,0,0,1,0,0,94,0,0,95,0,3,94,0,0,1,0,0,3,0,0,2,0,1,3,0,0,6,0,0,7,0,3,6,0,0,5,0,0,4,0,1,5,0,0,1,0,4,5,0,0,4,0,3,5,0,0,6,0,0,7,0,1,6,0,0,3,0,0,2,0,3,3,0,0,1,0,0,94,0,0,95,0,1,94,0,0,1,0,0,6,0,0,7,0,3,6,0,0,5,0,0,4,0,1,5,0,1,1,0,6</cmd>
<cmd>1,0,1,5,0,0,4,0,3,5,0,0,6,0,0,7,0,1,6,0,0,1,0,0,96,0,0,97,0,3,96,0,0,1,0,0,3,0,0,2,0,1,3,0,0,6,0,0,7,0,3,6,0,0,5,0,0,4,0,1,5,0,0,1,0,4,5,0,0,4,0,3,5,0,0,6,0,0,7,0,1,6,0,0,3,0,0,2,0,3,3,0,0,1,0,0,96,0,0,97,0,1,96,0,0,1,0,0,6,0,0,7,0,3,6,0,0,5,0,0,4,0,1,5,0,1,1,0,6</cmd>
<cmd>1,0,1,5,0,0,4,0,3,5,0,0,6,0,0,7,0,1,6,0,0,1,0,0,98,0,0,99,0,3,98,0,0,1,0,0,3,0,0,2,0,1,3,0,0,6,0,0,7,0,3,6,0,0,5,0,0,4,0,1,5,0,0,1,0,4,5,0,0,4,0,3,5,0,0,6,0,0,7,0,1,6,0,0,3,0,0,2,0,3,3,0,0,1,0,0,98,0,0,99,0,1,98,0,0,1,0,0,6,0,0,7,0,3,6,0,0,5,0,0,4,0,1,5,0,1,1,0,6</cmd>
<cmd>1,0,1,5,0,0,4,0,3,5,0,0,6,0,0,7,0,1,6,0,0,1,0,0,100,0,0,101,0,3,100,0,0,1,0,0,3,0,0,2,0,1,3,0,0,6,0,0,7,0,3,6,0,0,5,0,0,4,0,1,5,0,0,1,0,4,5,0,0,4,0,3,5,0,0,6,0,0,7,0,1,6,0,0,3,0,0,2,0,3,3,0,0,1,0,0,100,0,0,101,0,1,100,0,0,1,0,0,6,0,0,7,0,3,6,0,0,5,0,0,4,0,1,5,0,1,1,0,6</cmd>
<cmd>1,0,1,5,0,0,4,0,3,5,0,0,6,0,0,7,0,1,6,0,0,1,0,0,102,0,0,103,0,3,102,0,0,1,0,0,3,0,0,2,0,1,3,0,0,6,0,0,7,0,3,6,0,0,5,0,0,4,0,1,5,0,0,1,0,4,5,0,0,4,0,3,5,0,0,6,0,0,7,0,1,6,0,0,3,0,0,2,0,3,3,0,0,1,0,0,102,0,0,103,0,1,102,0,0,1,0,0,6,0,0,7,0,3,6,0,0,5,0,0,4,0,1,5,0,1,1,0,6</cmd>
<cmd>1,0,1,5,0,0,4,0,3,5,0,0,6,0,0,7,0,1,6,0,0,1,0,0,80,0,0,81,0,3,80,0,0,1,0,0,3,0,0,2,0,1,3,0,0,6,0,0,7,0,3,6,0,0,5,0,0,4,0,1,5,0,0,1,0,4,5,0,0,4,0,3,5,0,0,6,0,0,7,0,1,6,0,0,3,0,0,2,0,3,3,0,0,1,0,0,80,0,0,81,0,1,80,0,0,1,0,0,6,0,0,7,0,3,6,0,0,5,0,0,4,0,1,5,0,1,1,0,6</cmd>
<cmd>1,0,1,5,0,0,4,0,3,5,0,0,6,0,0,7,0,1,6,0,0,1,0,0,82,0,0,83,0,3,82,0,0,1,0,0,3,0,0,2,0,1,3,0,0,6,0,0,7,0,3,6,0,0,5,0,0,4,0,1,5,0,0,1,0,4,5,0,0,4,0,3,5,0,0,6,0,0,7,0,1,6,0,0,3,0,0,2,0,3,3,0,0,1,0,0,82,0,0,83,0,1,82,0,0,1,0,0,6,0,0,7,0,3,6,0,0,5,0,0,4,0,1,5,0,1,1,0,6</cmd>
<cmd>1,0,1,5,0,0,4,0,3,5,0,0,6,0,0,7,0,1,6,0,0,1,0,0,84,0,0,85,0,3,84,0,0,1,0,0,3,0,0,2,0,1,3,0,0,6,0,0,7,0,3,6,0,0,5,0,0,4,0,1,5,0,0,1,0,4,5,0,0,4,0,3,5,0,0,6,0,0,7,0,1,6,0,0,3,0,0,2,0,3,3,0,0,1,0,0,84,0,0,85,0,1,84,0,0,1,0,0,6,0,0,7,0,3,6,0,0,5,0,0,4,0,1,5,0,1,1,0,6</cmd>
<cmd>1,0,1,5,0,0,4,0,3,5,0,0,6,0,0,7,0,1,6,0,0,1,0,0,86,0,0,87,0,3,86,0,0,1,0,0,3,0,0,2,0,1,3,0,0,6,0,0,7,0,3,6,0,0,5,0,0,4,0,1,5,0,0,1,0,4,5,0,0,4,0,3,5,0,0,6,0,0,7,0,1,6,0,0,3,0,0,2,0,3,3,0,0,1,0,0,86,0,0,87,0,1,86,0,0,1,0,0,6,0,0,7,0,3,6,0,0,5,0,0,4,0,1,5,0,1,1,0,6</cmd>
<cmd>1,0,1,5,0,0,4,0,3,5,0,0,6,0,0,7,0,1,6,0,0,1,0,0,88,0,0,89,0,3,88,0,0,1,0,0,3,0,0,2,0,1,3,0,0,6,0,0,7,0,3,6,0,0,5,0,0,4,0,1,5,0,0,1,0,4,5,0,0,4,0,3,5,0,0,6,0,0,7,0,1,6,0,0,3,0,0,2,0,3,3,0,0,1,0,0,88,0,0,89,0,1,88,0,0,1,0,0,6,0,0,7,0,3,6,0,0,5,0,0,4,0,1,5,0,1,1,0,6</cmd>
<cmd>1,0,1,5,0,0,4,0,3,5,0,0,6,0,0,7,0,1,6,0,0,1,0,0,90,0,0,91,0,3,90,0,0,1,0,0,3,0,0,2,0,1,3,0,0,6,0,0,7,0,3,6,0,0,5,0,0,4,0,1,5,0,0,1,0,4,5,0,0,4,0,3,5,0,0,6,0,0,7,0,1,6,0,0,3,0,0,2,0,3,3,0,0,1,0,0,90,0,0,91,0,1,90,0,0,1,0,0,6,0,0,7,0,3,6,0,0,5,0,0,4,0,1,5,0,1,1,0,6</cmd>
<cmd>1,0,1,5,0,0,4,0,3,5,0,0,6,0,0,7,0,1,6,0,0,1,0,0,68,0,0,69,0,3,68,0,0,1,0,0,3,0,0,2,0,1,3,0,0,6,0,0,7,0,3,6,0,0,5,0,0,4,0,1,5,0,0,1,0,4,5,0,0,4,0,3,5,0,0,6,0,0,7,0,1,6,0,0,3,0,0,2,0,3,3,0,0,1,0,0,68,0,0,69,0,1,68,0,0,1,0,0,6,0,0,7,0,3,6,0,0,5,0,0,4,0,1,5,0,1,1,0,6</cmd>
<cmd>1,0,1,5,0,0,4,0,3,5,0,0,6,0,0,7,0,1,6,0,0,1,0,0,70,0,0,71,0,3,70,0,0,1,0,0,3,0,0,2,0,1,3,0,0,6,0,0,7,0,3,6,0,0,5,0,0,4,0,1,5,0,0,1,0,4,5,0,0,4,0,3,5,0,0,6,0,0,7,0,1,6,0,0,3,0,0,2,0,3,3,0,0,1,0,0,70,0,0,71,0,1,70,0,0,1,0,0,6,0,0,7,0,3,6,0,0,5,0,0,4,0,1,5,0,1,1,0,6</cmd>
<cmd>1,0,1,5,0,0,4,0,3,5,0,0,6,0,0,7,0,1,6,0,0,1,0,0,72,0,0,73,0,3,72,0,0,1,0,0,3,0,0,2,0,1,3,0,0,6,0,0,7,0,3,6,0,0,5,0,0,4,0,1,5,0,0,1,0,4,5,0,0,4,0,3,5,0,0,6,0,0,7,0,1,6,0,0,3,0,0,2,0,3,3,0,0,1,0,0,72,0,0,73,0,1,72,0,0,1,0,0,6,0,0,7,0,3,6,0,0,5,0,0,4,0,1,5,0,1,1,0,6</cmd>
<cmd>1,0,1,5,0,0,4,0,3,5,0,0,6,0,0,7,0,1,6,0,0,1,0,0,74,0,0,75,0,3,74,0,0,1,0,0,3,0,0,2,0,1,3,0,0,6,0,0,7,0,3,6,0,0,5,0,0,4,0,1,5,0,0,1,0,4,5,0,0,4,0,3,5,0,0,6,0,0,7,0,1,6,0,0,3,0,0,2,0,3,3,0,0,1,0,0,74,0,0,75,0,1,74,0,0,1,0,0,6,0,0,7,0,3,6,0,0,5,0,0,4,0,1,5,0,1,1,0,6</cmd>
<cmd>1,0,1,5,0,0,4,0,3,5,0,0,6,0,0,7,0,1,6,0,0,1,0,0,76,0,0,77,0,3,76,0,0,1,0,0,3,0,0,2,0,1,3,0,0,6,0,0,7,0,3,6,0,0,5,0,0,4,0,1,5,0,0,1,0,4,5,0,0,4,0,3,5,0,0,6,0,0,7,0,1,6,0,0,3,0,0,2,0,3,3,0,0,1,0,0,76,0,0,77,0,1,76,0,0,1,0,0,6,0,0,7,0,3,6,0,0,5,0,0,4,0,1,5,0,1,1,0,6</cmd>
<cmd>1,0,1,5,0,0,4,0,3,5,0,0,6,0,0,7,0,1,6,0,0,1,0,0,78,0,0,79,0,3,78,0,0,1,0,0,3,0,0,2,0,1,3,0,0,6,0,0,7,0,3,6,0,0,5,0,0,4,0,1,5,0,0,1,0,4,5,0,0,4,0,3,5,0,0,6,0,0,7,0,1,6,0,0,3,0,0,2,0,3,3,0,0,1,0,0,78,0,0,79,0,1,78,0,0,1,0,0,6,0,0,7,0,3,6,0,0,5,0,0,4,0,1,5,0,1,1,0,6</cmd>
<cmd>1,0,1,5,0,0,4,0,3,5,0,0,6,0,0,7,0,1,6,0,0,1,0,0,56,0,0,57,0,3,56,0,0,1,0,0,3,0,0,2,0,1,3,0,0,6,0,0,7,0,3,6,0,0,5,0,0,4,0,1,5,0,0,1,0,4,5,0,0,4,0,3,5,0,0,6,0,0,7,0,1,6,0,0,3,0,0,2,0,3,3,0,0,1,0,0,56,0,0,57,0,1,56,0,0,1,0,0,6,0,0,7,0,3,6,0,0,5,0,0,4,0,1,5,0,1,1,0,6</cmd>
<cmd>1,0,1,5,0,0,4,0,3,5,0,0,6,0,0,7,0,1,6,0,0,1,0,0,58,0,0,59,0,3,58,0,0,1,0,0,3,0,0,2,0,1,3,0,0,6,0,0,7,0,3,6,0,0,5,0,0,4,0,1,5,0,0,1,0,4,5,0,0,4,0,3,5,0,0,6,0,0,7,0,1,6,0,0,3,0,0,2,0,3,3,0,0,1,0,0,58,0,0,59,0,1,58,0,0,1,0,0,6,0,0,7,0,3,6,0,0,5,0,0,4,0,1,5,0,1,1,0,6</cmd>
<cmd>1,0,1,5,0,0,4,0,3,5,0,0,6,0,0,7,0,1,6,0,0,1,0,0,60,0,0,61,0,3,60,0,0,1,0,0,3,0,0,2,0,1,3,0,0,6,0,0,7,0,3,6,0,0,5,0,0,4,0,1,5,0,0,1,0,4,5,0,0,4,0,3,5,0,0,6,0,0,7,0,1,6,0,0,3,0,0,2,0,3,3,0,0,1,0,0,60,0,0,61,0,1,60,0,0,1,0,0,6,0,0,7,0,3,6,0,0,5,0,0,4,0,1,5,0,1,1,0,6</cmd>
<cmd>1,0,1,5,0,0,4,0,3,5,0,0,6,0,0,7,0,1,6,0,0,1,0,0,62,0,0,63,0,3,62,0,0,1,0,0,3,0,0,2,0,1,3,0,0,6,0,0,7,0,3,6,0,0,5,0,0,4,0,1,5,0,0,1,0,4,5,0,0,4,0,3,5,0,0,6,0,0,7,0,1,6,0,0,3,0,0,2,0,3,3,0,0,1,0,0,62,0,0,63,0,1,62,0,0,1,0,0,6,0,0,7,0,3,6,0,0,5,0,0,4,0,1,5,0,1,1,0,6</cmd>
<cmd>1,0,1,5,0,0,4,0,3,5,0,0,6,0,0,7,0,1,6,0,0,1,0,0,64,0,0,65,0,3,64,0,0,1,0,0,3,0,0,2,0,1,3,0,0,6,0,0,7,0,3,6,0,0,5,0,0,4,0,1,5,0,0,1,0,4,5,0,0,4,0,3,5,0,0,6,0,0,7,0,1,6,0,0,3,0,0,2,0,3,3,0,0,1,0,0,64,0,0,65,0,1,64,0,0,1,0,0,6,0,0,7,0,3,6,0,0,5,0,0,4,0,1,5,0,1,1,0,6</cmd>
<cmd>1,0,1,5,0,0,4,0,3,5,0,0,6,0,0,7,0,1,6,0,0,1,0,0,66,0,0,67,0,3,66,0,0,1,0,0,3,0,0,2,0,1,3,0,0,6,0,0,7,0,3,6,0,0,5,0,0,4,0,1,5,0,0,1,0,4,5,0,0,4,0,3,5,0,0,6,0,0,7,0,1,6,0,0,3,0,0,2,0,3,3,0,0,1,0,0,66,0,0,67,0,1,66,0,0,1,0,0,6,0,0,7,0,3,6,0,0,5,0,0,4,0,1,5,0,1,1,0,6</cmd>
<cmd>1,0,1,5,0,0,4,0,3,5,0,0,6,0,0,7,0,1,6,0,0,1,0,0,140,0,0,141,0,3,140,0,0,1,0,0,3,0,0,2,0,1,3,0,0,6,0,0,7,0,3,6,0,0,5,0,0,4,0,1,5,0,0,1,0,4,5,0,0,4,0,3,5,0,0,6,0,0,7,0,1,6,0,0,3,0,0,2,0,3,3,0,0,1,0,0,140,0,0,141,0,1,140,0,0,1,0,0,6,0,0,7,0,3,6,0,0,5,0,0,4,0,1,5,0,1,1,0,6</cmd>
<cmd>1,0,1,5,0,0,4,0,3,5,0,0,6,0,0,7,0,1,6,0,0,1,0,0,142,0,0,143,0,3,142,0,0,1,0,0,3,0,0,2,0,1,3,0,0,6,0,0,7,0,3,6,0,0,5,0,0,4,0,1,5,0,0,1,0,4,5,0,0,4,0,3,5,0,0,6,0,0,7,0,1,6,0,0,3,0,0,2,0,3,3,0,0,1,0,0,142,0,0,143,0,1,142,0,0,1,0,0,6,0,0,7,0,3,6,0,0,5,0,0,4,0,1,5,0,1,1,0,6</cmd>
<cmd>1,0,1,5,0,0,4,0,3,5,0,0,6,0,0,7,0,1,6,0,0,1,0,0,144,0,0,145,0,3,144,0,0,1,0,0,3,0,0,2,0,1,3,0,0,6,0,0,7,0,3,6,0,0,5,0,0,4,0,1,5,0,0,1,0,4,5,0,0,4,0,3,5,0,0,6,0,0,7,0,1,6,0,0,3,0,0,2,0,3,3,0,0,1,0,0,144,0,0,145,0,1,144,0,0,1,0,0,6,0,0,7,0,3,6,0,0,5,0,0,4,0,1,5,0,1,1,0,6</cmd>
<cmd>1,0,1,5,0,0,4,0,3,5,0,0,6,0,0,7,0,1,6,0,0,1,0,0,146,0,0,147,0,3,146,0,0,1,0,0,3,0,0,2,0,1,3,0,0,6,0,0,7,0,3,6,0,0,5,0,0,4,0,1,5,0,0,1,0,4,5,0,0,4,0,3,5,0,0,6,0,0,7,0,1,6,0,0,3,0,0,2,0,3,3,0,0,1,0,0,146,0,0,147,0,1,146,0,0,1,0,0,6,0,0,7,0,3,6,0,0,5,0,0,4,0,1,5,0,1,1,0,6</cmd>
<cmd>1,0,1,5,0,0,4,0,3,5,0,0,6,0,0,7,0,1,6,0,0,1,0,0,148,0,0,149,0,3,148,0,0,1,0,0,3,0,0,2,0,1,3,0,0,6,0,0,7,0,3,6,0,0,5,0,0,4,0,1,5,0,0,1,0,4,5,0,0,4,0,3,5,0,0,6,0,0,7,0,1,6,0,0,3,0,0,2,0,3,3,0,0,1,0,0,148,0,0,149,0,1,148,0,0,1,0,0,6,0,0,7,0,3,6,0,0,5,0,0,4,0,1,5,0,1,1,0,6</cmd>
<cmd>1,0,1,5,0,0,4,0,3,5,0,0,6,0,0,7,0,1,6,0,0,1,0,0,150,0,0,151,0,3,150,0,0,1,0,0,3,0,0,2,0,1,3,0,0,6,0,0,7,0,3,6,0,0,5,0,0,4,0,1,5,0,0,1,0,4,5,0,0,4,0,3,5,0,0,6,0,0,7,0,1,6,0,0,3,0,0,2,0,3,3,0,0,1,0,0,150,0,0,151,0,1,150,0,0,1,0,0,6,0,0,7,0,3,6,0,0,5,0,0,4,0,1,5,0,1,1,0,6</cmd>
<cmd>1,0,1,5,0,0,4,0,3,5,0,0,6,0,0,7,0,1,6,0,0,1,0,0,128,0,0,129,0,3,128,0,0,1,0,0,3,0,0,2,0,1,3,0,0,6,0,0,7,0,3,6,0,0,5,0,0,4,0,1,5,0,0,1,0,4,5,0,0,4,0,3,5,0,0,6,0,0,7,0,1,6,0,0,3,0,0,2,0,3,3,0,0,1,0,0,128,0,0,129,0,1,128,0,0,1,0,0,6,0,0,7,0,3,6,0,0,5,0,0,4,0,1,5,0,1,1,0,6</cmd>
<cmd>1,0,1,5,0,0,4,0,3,5,0,0,6,0,0,7,0,1,6,0,0,1,0,0,130,0,0,131,0,3,130,0,0,1,0,0,3,0,0,2,0,1,3,0,0,6,0,0,7,0,3,6,0,0,5,0,0,4,0,1,5,0,0,1,0,4,5,0,0,4,0,3,5,0,0,6,0,0,7,0,1,6,0,0,3,0,0,2,0,3,3,0,0,1,0,0,130,0,0,131,0,1,130,0,0,1,0,0,6,0,0,7,0,3,6,0,0,5,0,0,4,0,1,5,0,1,1,0,6</cmd>
<cmd>1,0,1,5,0,0,4,0,3,5,0,0,6,0,0,7,0,1,6,0,0,1,0,0,132,0,0,133,0,3,132,0,0,1,0,0,3,0,0,2,0,1,3,0,0,6,0,0,7,0,3,6,0,0,5,0,0,4,0,1,5,0,0,1,0,4,5,0,0,4,0,3,5,0,0,6,0,0,7,0,1,6,0,0,3,0,0,2,0,3,3,0,0,1,0,0,132,0,0,133,0,1,132,0,0,1,0,0,6,0,0,7,0,3,6,0,0,5,0,0,4,0,1,5,0,1,1,0,6</cmd>
<cmd>1,0,1,5,0,0,4,0,3,5,0,0,6,0,0,7,0,1,6,0,0,1,0,0,134,0,0,135,0,3,134,0,0,1,0,0,3,0,0,2,0,1,3,0,0,6,0,0,7,0,3,6,0,0,5,0,0,4,0,1,5,0,0,1,0,4,5,0,0,4,0,3,5,0,0,6,0,0,7,0,1,6,0,0,3,0,0,2,0,3,3,0,0,1,0,0,134,0,0,135,0,1,134,0,0,1,0,0,6,0,0,7,0,3,6,0,0,5,0,0,4,0,1,5,0,1,1,0,6</cmd>
<cmd>1,0,1,5,0,0,4,0,3,5,0,0,6,0,0,7,0,1,6,0,0,1,0,0,136,0,0,137,0,3,136,0,0,1,0,0,3,0,0,2,0,1,3,0,0,6,0,0,7,0,3,6,0,0,5,0,0,4,0,1,5,0,0,1,0,4,5,0,0,4,0,3,5,0,0,6,0,0,7,0,1,6,0,0,3,0,0,2,0,3,3,0,0,1,0,0,136,0,0,137,0,1,136,0,0,1,0,0,6,0,0,7,0,3,6,0,0,5,0,0,4,0,1,5,0,1,1,0,6</cmd>
<cmd>1,0,1,5,0,0,4,0,3,5,0,0,6,0,0,7,0,1,6,0,0,1,0,0,138,0,0,139,0,3,138,0,0,1,0,0,3,0,0,2,0,1,3,0,0,6,0,0,7,0,3,6,0,0,5,0,0,4,0,1,5,0,0,1,0,4,5,0,0,4,0,3,5,0,0,6,0,0,7,0,1,6,0,0,3,0,0,2,0,3,3,0,0,1,0,0,138,0,0,139,0,1,138,0,0,1,0,0,6,0,0,7,0,3,6,0,0,5,0,0,4,0,1,5,0,1,1,0,6</cmd>
<cmd>1,0,1,5,0,0,4,0,3,5,0,0,6,0,0,7,0,1,6,0,0,1,0,0,116,0,0,117,0,3,116,0,0,1,0,0,3,0,0,2,0,1,3,0,0,6,0,0,7,0,3,6,0,0,5,0,0,4,0,1,5,0,0,1,0,4,5,0,0,4,0,3,5,0,0,6,0,0,7,0,1,6,0,0,3,0,0,2,0,3,3,0,0,1,0,0,116,0,0,117,0,1,116,0,0,1,0,0,6,0,0,7,0,3,6,0,0,5,0,0,4,0,1,5,0,1,1,0,6</cmd>
<cmd>1,0,1,5,0,0,4,0,3,5,0,0,6,0,0,7,0,1,6,0,0,1,0,0,118,0,0,119,0,3,118,0,0,1,0,0,3,0,0,2,0,1,3,0,0,6,0,0,7,0,3,6,0,0,5,0,0,4,0,1,5,0,0,1,0,4,5,0,0,4,0,3,5,0,0,6,0,0,7,0,1,6,0,0,3,0,0,2,0,3,3,0,0,1,0,0,118,0,0,119,0,1,118,0,0,1,0,0,6,0,0,7,0,3,6,0,0,5,0,0,4,0,1,5,0,1,1,0,6</cmd>
<cmd>1,0,1,5,0,0,4,0,3,5,0,0,6,0,0,7,0,1,6,0,0,1,0,0,120,0,0,121,0,3,120,0,0,1,0,0,3,0,0,2,0,1,3,0,0,6,0,0,7,0,3,6,0,0,5,0,0,4,0,1,5,0,0,1,0,4,5,0,0,4,0,3,5,0,0,6,0,0,7,0,1,6,0,0,3,0,0,2,0,3,3,0,0,1,0,0,120,0,0,121,0,1,120,0,0,1,0,0,6,0,0,7,0,3,6,0,0,5,0,0,4,0,1,5,0,1,1,0,6</cmd>
<cmd>1,0,1,5,0,0,4,0,3,5,0,0,6,0,0,7,0,1,6,0,0,1,0,0,122,0,0,123,0,3,122,0,0,1,0,0,3,0,0,2,0,1,3,0,0,6,0,0,7,0,3,6,0,0,5,0,0,4,0,1,5,0,0,1,0,4,5,0,0,4,0,3,5,0,0,6,0,0,7,0,1,6,0,0,3,0,0,2,0,3,3,0,0,1,0,0,122,0,0,123,0,1,122,0,0,1,0,0,6,0,0,7,0,3,6,0,0,5,0,0,4,0,1,5,0,1,1,0,6</cmd>
<cmd>1,0,1,5,0,0,4,0,3,5,0,0,6,0,0,7,0,1,6,0,0,1,0,0,124,0,0,125,0,3,124,0,0,1,0,0,3,0,0,2,0,1,3,0,0,6,0,0,7,0,3,6,0,0,5,0,0,4,0,1,5,0,0,1,0,4,5,0,0,4,0,3,5,0,0,6,0,0,7,0,1,6,0,0,3,0,0,2,0,3,3,0,0,1,0,0,124,0,0,125,0,1,124,0,0,1,0,0,6,0,0,7,0,3,6,0,0,5,0,0,4,0,1,5,0,1,1,0,6</cmd>
<cmd>1,0,1,5,0,0,4,0,3,5,0,0,6,0,0,7,0,1,6,0,0,1,0,0,126,0,0,127,0,3,126,0,0,1,0,0,3,0,0,2,0,1,3,0,0,6,0,0,7,0,3,6,0,0,5,0,0,4,0,1,5,0,0,1,0,4,5,0,0,4,0,3,5,0,0,6,0,0,7,0,1,6,0,0,3,0,0,2,0,3,3,0,0,1,0,0,126,0,0,127,0,1,126,0,0,1,0,0,6,0,0,7,0,3,6,0,0,5,0,0,4,0,1,5,0,1,1,0,6</cmd>
<cmd>1,0,1,5,0,0,4,0,3,5,0,0,6,0,0,7,0,1,6,0,0,1,0,0,104,0,0,105,0,3,104,0,0,1,0,0,3,0,0,2,0,1,3,0,0,6,0,0,7,0,3,6,0,0,5,0,0,4,0,1,5,0,0,1,0,4,5,0,0,4,0,3,5,0,0,6,0,0,7,0,1,6,0,0,3,0,0,2,0,3,3,0,0,1,0,0,104,0,0,105,0,1,104,0,0,1,0,0,6,0,0,7,0,3,6,0,0,5,0,0,4,0,1,5,0,1,1,0,6</cmd>
<cmd>1,0,1,5,0,0,4,0,3,5,0,0,6,0,0,7,0,1,6,0,0,1,0,0,106,0,0,107,0,3,106,0,0,1,0,0,3,0,0,2,0,1,3,0,0,6,0,0,7,0,3,6,0,0,5,0,0,4,0,1,5,0,0,1,0,4,5,0,0,4,0,3,5,0,0,6,0,0,7,0,1,6,0,0,3,0,0,2,0,3,3,0,0,1,0,0,106,0,0,107,0,1,106,0,0,1,0,0,6,0,0,7,0,3,6,0,0,5,0,0,4,0,1,5,0,1,1,0,6</cmd>
<cmd>1,0,1,5,0,0,4,0,3,5,0,0,6,0,0,7,0,1,6,0,0,1,0,0,108,0,0,109,0,3,108,0,0,1,0,0,3,0,0,2,0,1,3,0,0,6,0,0,7,0,3,6,0,0,5,0,0,4,0,1,5,0,0,1,0,4,5,0,0,4,0,3,5,0,0,6,0,0,7,0,1,6,0,0,3,0,0,2,0,3,3,0,0,1,0,0,108,0,0,109,0,1,108,0,0,1,0,0,6,0,0,7,0,3,6,0,0,5,0,0,4,0,1,5,0,1,1,0,6</cmd>
<cmd>1,0,1,5,0,0,4,0,3,5,0,0,6,0,0,7,0,1,6,0,0,1,0,0,110,0,0,111,0,3,110,0,0,1,0,0,3,0,0,2,0,1,3,0,0,6,0,0,7,0,3,6,0,0,5,0,0,4,0,1,5,0,0,1,0,4,5,0,0,4,0,3,5,0,0,6,0,0,7,0,1,6,0,0,3,0,0,2,0,3,3,0,0,1,0,0,110,0,0,111,0,1,110,0,0,1,0,0,6,0,0,7,0,3,6,0,0,5,0,0,4,0,1,5,0,1,1,0,6</cmd>
<cmd>1,0,1,5,0,0,4,0,3,5,0,0,6,0,0,7,0,1,6,0,0,1,0,0,112,0,0,113,0,3,112,0,0,1,0,0,3,0,0,2,0,1,3,0,0,6,0,0,7,0,3,6,0,0,5,0,0,4,0,1,5,0,0,1,0,4,5,0,0,4,0,3,5,0,0,6,0,0,7,0,1,6,0,0,3,0,0,2,0,3,3,0,0,1,0,0,112,0,0,113,0,1,112,0,0,1,0,0,6,0,0,7,0,3,6,0,0,5,0,0,4,0,1,5,0,1,1,0,6</cmd>
<cmd>1,0,1,5,0,0,4,0,3,5,0,0,6,0,0,7,0,1,6,0,0,1,0,0,114,0,0,115,0,3,114,0,0,1,0,0,3,0,0,2,0,1,3,0,0,6,0,0,7,0,3,6,0,0,5,0,0,4,0,1,5,0,0,1,0,4,5,0,0,4,0,3,5,0,0,6,0,0,7,0,1,6,0,0,3,0,0,2,0,3,3,0,0,1,0,0,114,0,0,115,0,1,114,0,0,1,0,0,6,0,0,7,0,3,6,0,0,5,0,0,4,0,1,5,0,1,1,0,6</cmd>
<cmd>1,0,1,5,0,0,4,0,3,5,0,0,6,0,0,7,0,1,6,0,0,1,0,0,188,0,0,189,0,3,188,0,0,1,0,0,3,0,0,2,0,1,3,0,0,6,0,0,7,0,3,6,0,0,5,0,0,4,0,1,5,0,0,1,0,4,5,0,0,4,0,3,5,0,0,6,0,0,7,0,1,6,0,0,3,0,0,2,0,3,3,0,0,1,0,0,188,0,0,189,0,1,188,0,0,1,0,0,6,0,0,7,0,3,6,0,0,5,0,0,4,0,1,5,0,1,1,0,6</cmd>
<cmd>1,0,1,5,0,0,4,0,3,5,0,0,6,0,0,7,0,1,6,0,0,1,0,0,190,0,0,191,0,3,190,0,0,1,0,0,3,0,0,2,0,1,3,0,0,6,0,0,7,0,3,6,0,0,5,0,0,4,0,1,5,0,0,1,0,4,5,0,0,4,0,3,5,0,0,6,0,0,7,0,1,6,0,0,3,0,0,2,0,3,3,0,0,1,0,0,190,0,0,191,0,1,190,0,0,1,0,0,6,0,0,7,0,3,6,0,0,5,0,0,4,0,1,5,0,1,1,0,6</cmd>
<cmd>1,0,1,5,0,0,4,0,3,5,0,0,6,0,0,7,0,1,6,0,0,1,0,0,192,0,0,193,0,3,192,0,0,1,0,0,3,0,0,2,0,1,3,0,0,6,0,0,7,0,3,6,0,0,5,0,0,4,0,1,5,0,0,1,0,4,5,0,0,4,0,3,5,0,0,6,0,0,7,0,1,6,0,0,3,0,0,2,0,3,3,0,0,1,0,0,192,0,0,193,0,1,192,0,0,1,0,0,6,0,0,7,0,3,6,0,0,5,0,0,4,0,1,5,0,1,1,0,6</cmd>
<cmd>1,0,1,5,0,0,4,0,3,5,0,0,6,0,0,7,0,1,6,0,0,1,0,0,194,0,0,195,0,3,194,0,0,1,0,0,3,0,0,2,0,1,3,0,0,6,0,0,7,0,3,6,0,0,5,0,0,4,0,1,5,0,0,1,0,4,5,0,0,4,0,3,5,0,0,6,0,0,7,0,1,6,0,0,3,0,0,2,0,3,3,0,0,1,0,0,194,0,0,195,0,1,194,0,0,1,0,0,6,0,0,7,0,3,6,0,0,5,0,0,4,0,1,5,0,1,1,0,6</cmd>
<cmd>1,0,1,5,0,0,4,0,3,5,0,0,6,0,0,7,0,1,6,0,0,1,0,0,196,0,0,197,0,3,196,0,0,1,0,0,3,0,0,2,0,1,3,0,0,6,0,0,7,0,3,6,0,0,5,0,0,4,0,1,5,0,0,1,0,4,5,0,0,4,0,3,5,0,0,6,0,0,7,0,1,6,0,0,3,0,0,2,0,3,3,0,0,1,0,0,196,0,0,197,0,1,196,0,0,1,0,0,6,0,0,7,0,3,6,0,0,5,0,0,4,0,1,5,0,1,1,0,6</cmd>
<cmd>1,0,1,5,0,0,4,0,3,5,0,0,6,0,0,7,0,1,6,0,0,1,0,0,198,0,0,199,0,3,198,0,0,1,0,0,3,0,0,2,0,1,3,0,0,6,0,0,7,0,3,6,0,0,5,0,0,4,0,1,5,0,0,1,0,4,5,0,0,4,0,3,5,0,0,6,0,0,7,0,1,6,0,0,3,0,0,2,0,3,3,0,0,1,0,0,198,0,0,199,0,1,198,0,0,1,0,0,6,0,0,7,0,3,6,0,0,5,0,0,4,0,1,5,0,1,1,0,6</cmd>
<cmd>1,0,1,5,0,0,4,0,3,5,0,0,6,0,0,7,0,1,6,0,0,1,0,0,176,0,0,177,0,3,176,0,0,1,0,0,3,0,0,2,0,1,3,0,0,6,0,0,7,0,3,6,0,0,5,0,0,4,0,1,5,0,0,1,0,4,5,0,0,4,0,3,5,0,0,6,0,0,7,0,1,6,0,0,3,0,0,2,0,3,3,0,0,1,0,0,176,0,0,177,0,1,176,0,0,1,0,0,6,0,0,7,0,3,6,0,0,5,0,0,4,0,1,5,0,1,1,0,6</cmd>
<cmd>1,0,1,5,0,0,4,0,3,5,0,0,6,0,0,7,0,1,6,0,0,1,0,0,178,0,0,179,0,3,178,0,0,1,0,0,3,0,0,2,0,1,3,0,0,6,0,0,7,0,3,6,0,0,5,0,0,4,0,1,5,0,0,1,0,4,5,0,0,4,0,3,5,0,0,6,0,0,7,0,1,6,0,0,3,0,0,2,0,3,3,0,0,1,0,0,178,0,0,179,0,1,178,0,0,1,0,0,6,0,0,7,0,3,6,0,0,5,0,0,4,0,1,5,0,1,1,0,6</cmd>
<cmd>1,0,1,5,0,0,4,0,3,5,0,0,6,0,0,7,0,1,6,0,0,1,0,0,180,0,0,181,0,3,180,0,0,1,0,0,3,0,0,2,0,1,3,0,0,6,0,0,7,0,3,6,0,0,5,0,0,4,0,1,5,0,0,1,0,4,5,0,0,4,0,3,5,0,0,6,0,0,7,0,1,6,0,0,3,0,0,2,0,3,3,0,0,1,0,0,180,0,0,181,0,1,180,0,0,1,0,0,6,0,0,7,0,3,6,0,0,5,0,0,4,0,1,5,0,1,1,0,6</cmd>
<cmd>1,0,1,5,0,0,4,0,3,5,0,0,6,0,0,7,0,1,6,0,0,1,0,0,182,0,0,183,0,3,182,0,0,1,0,0,3,0,0,2,0,1,3,0,0,6,0,0,7,0,3,6,0,0,5,0,0,4,0,1,5,0,0,1,0,4,5,0,0,4,0,3,5,0,0,6,0,0,7,0,1,6,0,0,3,0,0,2,0,3,3,0,0,1,0,0,182,0,0,183,0,1,182,0,0,1,0,0,6,0,0,7,0,3,6,0,0,5,0,0,4,0,1,5,0,1,1,0,6</cmd>
<cmd>1,0,1,5,0,0,4,0,3,5,0,0,6,0,0,7,0,1,6,0,0,1,0,0,184,0,0,185,0,3,184,0,0,1,0,0,3,0,0,2,0,1,3,0,0,6,0,0,7,0,3,6,0,0,5,0,0,4,0,1,5,0,0,1,0,4,5,0,0,4,0,3,5,0,0,6,0,0,7,0,1,6,0,0,3,0,0,2,0,3,3,0,0,1,0,0,184,0,0,185,0,1,184,0,0,1,0,0,6,0,0,7,0,3,6,0,0,5,0,0,4,0,1,5,0,1,1,0,6</cmd>
<cmd>1,0,1,5,0,0,4,0,3,5,0,0,6,0,0,7,0,1,6,0,0,1,0,0,186,0,0,187,0,3,186,0,0,1,0,0,3,0,0,2,0,1,3,0,0,6,0,0,7,0,3,6,0,0,5,0,0,4,0,1,5,0,0,1,0,4,5,0,0,4,0,3,5,0,0,6,0,0,7,0,1,6,0,0,3,0,0,2,0,3,3,0,0,1,0,0,186,0,0,187,0,1,186,0,0,1,0,0,6,0,0,7,0,3,6,0,0,5,0,0,4,0,1,5,0,1,1,0,6</cmd>
<cmd>1,0,1,5,0,0,4,0,3,5,0,0,6,0,0,7,0,1,6,0,0,1,0,0,164,0,0,165,0,3,164,0,0,1,0,0,3,0,0,2,0,1,3,0,0,6,0,0,7,0,3,6,0,0,5,0,0,4,0,1,5,0,0,1,0,4,5,0,0,4,0,3,5,0,0,6,0,0,7,0,1,6,0,0,3,0,0,2,0,3,3,0,0,1,0,0,164,0,0,165,0,1,164,0,0,1,0,0,6,0,0,7,0,3,6,0,0,5,0,0,4,0,1,5,0,1,1,0,6</cmd>
<cmd>1,0,1,5,0,0,4,0,3,5,0,0,6,0,0,7,0,1,6,0,0,1,0,0,166,0,0,167,0,3,166,0,0,1,0,0,3,0,0,2,0,1,3,0,0,6,0,0,7,0,3,6,0,0,5,0,0,4,0,1,5,0,0,1,0,4,5,0,0,4,0,3,5,0,0,6,0,0,7,0,1,6,0,0,3,0,0,2,0,3,3,0,0,1,0,0,166,0,0,167,0,1,166,0,0,1,0,0,6,0,0,7,0,3,6,0,0,5,0,0,4,0,1,5,0,1,1,0,6</cmd>
<cmd>1,0,1,5,0,0,4,0,3,5,0,0,6,0,0,7,0,1,6,0,0,1,0,0,168,0,0,169,0,3,168,0,0,1,0,0,3,0,0,2,0,1,3,0,0,6,0,0,7,0,3,6,0,0,5,0,0,4,0,1,5,0,0,1,0,4,5,0,0,4,0,3,5,0,0,6,0,0,7,0,1,6,0,0,3,0,0,2,0,3,3,0,0,1,0,0,168,0,0,169,0,1,168,0,0,1,0,0,6,0,0,7,0,3,6,0,0,5,0,0,4,0,1,5,0,1,1,0,6</cmd>
<cmd>1,0,1,5,0,0,4,0,3,5,0,0,6,0,0,7,0,1,6,0,0,1,0,0,170,0,0,171,0,3,170,0,0,1,0,0,3,0,0,2,0,1,3,0,0,6,0,0,7,0,3,6,0,0,5,0,0,4,0,1,5,0,0,1,0,4,5,0,0,4,0,3,5,0,0,6,0,0,7,0,1,6,0,0,3,0,0,2,0,3,3,0,0,1,0,0,170,0,0,171,0,1,170,0,0,1,0,0,6,0,0,7,0,3,6,0,0,5,0,0,4,0,1,5,0,1,1,0,6</cmd>
<cmd>1,0,1,5,0,0,4,0,3,5,0,0,6,0,0,7,0,1,6,0,0,1,0,0,172,0,0,173,0,3,172,0,0,1,0,0,3,0,0,2,0,1,3,0,0,6,0,0,7,0,3,6,0,0,5,0,0,4,0,1,5,0,0,1,0,4,5,0,0,4,0,3,5,0,0,6,0,0,7,0,1,6,0,0,3,0,0,2,0,3,3,0,0,1,0,0,172,0,0,173,0,1,172,0,0,1,0,0,6,0,0,7,0,3,6,0,0,5,0,0,4,0,1,5,0,1,1,0,6</cmd>
<cmd>1,0,1,5,0,0,4,0,3,5,0,0,6,0,0,7,0,1,6,0,0,1,0,0,174,0,0,175,0,3,174,0,0,1,0,0,3,0,0,2,0,1,3,0,0,6,0,0,7,0,3,6,0,0,5,0,0,4,0,1,5,0,0,1,0,4,5,0,0,4,0,3,5,0,0,6,0,0,7,0,1,6,0,0,3,0,0,2,0,3,3,0,0,1,0,0,174,0,0,175,0,1,174,0,0,1,0,0,6,0,0,7,0,3,6,0,0,5,0,0,4,0,1,5,0,1,1,0,6</cmd>
<cmd>1,0,1,5,0,0,4,0,3,5,0,0,6,0,0,7,0,1,6,0,0,1,0,0,152,0,0,153,0,3,152,0,0,1,0,0,3,0,0,2,0,1,3,0,0,6,0,0,7,0,3,6,0,0,5,0,0,4,0,1,5,0,0,1,0,4,5,0,0,4,0,3,5,0,0,6,0,0,7,0,1,6,0,0,3,0,0,2,0,3,3,0,0,1,0,0,152,0,0,153,0,1,152,0,0,1,0,0,6,0,0,7,0,3,6,0,0,5,0,0,4,0,1,5,0,1,1,0,6</cmd>
<cmd>1,0,1,5,0,0,4,0,3,5,0,0,6,0,0,7,0,1,6,0,0,1,0,0,154,0,0,155,0,3,154,0,0,1,0,0,3,0,0,2,0,1,3,0,0,6,0,0,7,0,3,6,0,0,5,0,0,4,0,1,5,0,0,1,0,4,5,0,0,4,0,3,5,0,0,6,0,0,7,0,1,6,0,0,3,0,0,2,0,3,3,0,0,1,0,0,154,0,0,155,0,1,154,0,0,1,0,0,6,0,0,7,0,3,6,0,0,5,0,0,4,0,1,5,0,1,1,0,6</cmd>
<cmd>1,0,1,5,0,0,4,0,3,5,0,0,6,0,0,7,0,1,6,0,0,1,0,0,156,0,0,157,0,3,156,0,0,1,0,0,3,0,0,2,0,1,3,0,0,6,0,0,7,0,3,6,0,0,5,0,0,4,0,1,5,0,0,1,0,4,5,0,0,4,0,3,5,0,0,6,0,0,7,0,1,6,0,0,3,0,0,2,0,3,3,0,0,1,0,0,156,0,0,157,0,1,156,0,0,1,0,0,6,0,0,7,0,3,6,0,0,5,0,0,4,0,1,5,0,1,1,0,6</cmd>
<cmd>1,0,1,5,0,0,4,0,3,5,0,0,6,0,0,7,0,1,6,0,0,1,0,0,158,0,0,159,0,3,158,0,0,1,0,0,3,0,0,2,0,1,3,0,0,6,0,0,7,0,3,6,0,0,5,0,0,4,0,1,5,0,0,1,0,4,5,0,0,4,0,3,5,0,0,6,0,0,7,0,1,6,0,0,3,0,0,2,0,3,3,0,0,1,0,0,158,0,0,159,0,1,158,0,0,1,0,0,6,0,0,7,0,3,6,0,0,5,0,0,4,0,1,5,0,1,1,0,6</cmd>
<cmd>1,0,1,5,0,0,4,0,3,5,0,0,6,0,0,7,0,1,6,0,0,1,0,0,160,0,0,161,0,3,160,0,0,1,0,0,3,0,0,2,0,1,3,0,0,6,0,0,7,0,3,6,0,0,5,0,0,4,0,1,5,0,0,1,0,4,5,0,0,4,0,3,5,0,0,6,0,0,7,0,1,6,0,0,3,0,0,2,0,3,3,0,0,1,0,0,160,0,0,161,0,1,160,0,0,1,0,0,6,0,0,7,0,3,6,0,0,5,0,0,4,0,1,5,0,1,1,0,6</cmd>
<cmd>1,0,1,5,0,0,4,0,3,5,0,0,6,0,0,7,0,1,6,0,0,1,0,0,162,0,0,163,0,3,162,0,0,1,0,0,3,0,0,2,0,1,3,0,0,6,0,0,7,0,3,6,0,0,5,0,0,4,0,1,5,0,0,1,0,4,5,0,0,4,0,3,5,0,0,6,0,0,7,0,1,6,0,0,3,0,0,2,0,3,3,0,0,1,0,0,162,0,0,163,0,1,162,0,0,1,0,0,6,0,0,7,0,3,6,0,0,5,0,0,4,0,1,5,0,1,1,0,6</cmd>


0MoveLin(53.562,-1.460,205.409,-179.969,-1.129,91.561) Store Position for case


RECTANGULAR SAMPLE CELLS
1MoveLin(152.700,-6.504,200,-180.000,0.000,-85.000)     Neutral
2MoveLin(-152.374,-164.749,108,180.000,0.000,90.000) SampleHolder Down Pose
3MoveLin(-152.374,-164.749,175,180.000,0.000,90.000) SampleHolder Up Pose
4MoveLin(-147.9,-171.673,145.45,180.000,0.000,90.000)  Get Light Cover From SH Down
5MoveLin(-147.9,-171.673,180,180.000,0.000,90.000)   Get Light Cover From SH Up
6MoveLin(-69.636,-102.058,180,-180.000,0.000,0.000)Store Light Cover Up
7MoveLin(-69.636,-102.058,88.600,-180.000,0.000,0.000) Store Light Cover Down

CASSETTE A
8MoveLin(-116.716,184.119,188,-180.000,0.000,-180.000)         S19A sample UP
9MoveLin(-116.716,184.119,120,-180.000,0.000,-180.000)  S19A sample DOWN 

10MoveLin(-97.956,184.119,188,-180.000,0.000,-180.000)         S20A sample UP
11MoveLin(-97.956,184.119,120,-180.000,0.000,-180.000)  S20A sample DOWN 

12MoveLin(-79.196,184.119,188,-180.000,0.000,-180.000)         S21A sample UP
13MoveLin(-79.196,184.119,120,-180.000,0.000,-180.000)  S21A sample DOWN 

14MoveLin(-60.436,184.3,188,-180.000,0.000,-180.000)      S22A sample UP
15MoveLin(-60.436,184.3,120,-180.000,0.000,-180.000) S22A sample DOWN 

16MoveLin(-41.676,184.4,188,-180.000,0.000,-180.000)      S23A sample UP
17MoveLin(-41.676,184.4,120,-180.000,0.000,-180.000) S23A sample DOWN 

18MoveLin(-22.916,184.5,188,-180.000,0.000,-180.000)     S24A sample UP
19MoveLin(-22.916,184.5,120,-180.000,0.000,-180.000)  S24A sample DOWN 

20MoveLin(-116.716,163.371,188,180.000,0.000,-180.000)         S13A sample UP
21MoveLin(-116.716,163.371,120,180.000,0.000,-180.000)   S13A sample DOWN 

22MoveLin(-97.956,163.371,188,-180.000,0.000,-180.000)         S14A sample UP
23MoveLin(-97.956,163.371,120,-180.000,0.000,-180.000)  S14A sample DOWN 

24MoveLin(-79.196,163.471,188,-180.000,0.000,-180.000)  S15A sample UP
25MoveLin(-79.196,163.471,120,-180.000,0.000,-180.000)  S15A sample DOWN 

26MoveLin(-60.436,163.6,188,-180.000,0.000,-180.000)    S16A sample UP
27MoveLin(-60.436,163.6,120,-180.000,0.000,-180.000)    S16A sample DOWN 

28MoveLin(-41.676,163.7,188,-180.000,0.000,-180.000)       S17A sample UP
29MoveLin(-41.676,163.7,120,-180.000,0.000,-180.000) S17A sample DOWN 

30MoveLin(-22.916,163.8,188,-180.000,0.000,-180.000)      S18A sample UP
31MoveLin(-22.916,163.8,120,-180.000,0.000,-180.000)  S18A sample DOWN 

32MoveLin(-116.716,142.623,188,180.000,0.000,-180.000)         S7A sample UP
33MoveLin(-116.716,142.623,120,180.000,0.000,-180.000)   S7A sample DOWN 

34MoveLin(-97.956,142.623,188,-180.000,0.000,-180.000)         S8A sample UP
35MoveLin(-97.956,142.623,120,-180.000,0.000,-180.000)  S8A sample DOWN 

36MoveLin(-79.196,142.623,188,-180.000,0.000,-180.000)  S9A sample UP
37MoveLin(-79.196,142.623,120,-180.000,0.000,-180.000)  S9A sample DOWN 

38MoveLin(-60.436,143.1,188,-180.000,0.000,-180.000)        S10A sample UP
39MoveLin(-60.436,143.1,120,-180.000,0.000,-180.000)  S10A sample DOWN 

40MoveLin(-41.676,143.1,188,-180.000,0.000,-180.000)       S11A sample UP
41MoveLin(-41.676,143.1,120,-180.000,0.000,-180.000) S11A sample DOWN 

42MoveLin(-22.916,143.1,188,-180.000,0.000,-180.000)      S12A sample UP
43MoveLin(-22.916,143.1,120,-180.000,0.000,-180.000)  S12A sample DOWN 

44MoveLin(-116.716,121.875,188,180.000,0.000,-180.000)         S1A sample UP
45MoveLin(-116.716,121.875,120,180.000,0.000,-180.000)   S1A sample DOWN 

46MoveLin(-97.7,122.275,188,-180.000,0.000,-180.000)    S2A sample UP
47MoveLin(-97.7,122.275,120,-180.000,0.000,-180.000)  S2A sample DOWN 

48MoveLin(-78.6,122.4,188,-180.000,0.000,-180.000)  S3A sample UP
49MoveLin(-78.6,122.4,120,-180.000,0.000,-180.000)  S3A sample DOWN 

50MoveLin(-60.436,122.475,188,-180.000,0.000,-180.000)    S4A sample UP
51MoveLin(-60.436,122.475,120,-180.000,0.000,-180.000)  S4A sample DOWN 

52MoveLin(-41.673,122.475,188,-180.000,0.000,-180.000)      S5A sample UP
53MoveLin(-41.673,122.475,120,-180.000,0.000,-180.000)  S5A sample DOWN 

54MoveLin(-22.913,122.475,188,-180.000,0.000,-180.000)      S6A sample UP
55MoveLin(-22.913,122.475,120,-180.000,0.000,-180.000)  S6A sample DOWN 

CASSETTE B
56MoveLin(25.697,185.100,188,-180.000,0.000,-180.000)             S19Bsample UP
57MoveLin(25.697,185.100,120,-180.000,0.000,-180.000)   S19B sample DOWN 

58MoveLin(44.442,185.100,188,-180.000,0.000,-180.000)             S20Bsample UP
59MoveLin(44.442,185.100,120,-180.000,0.000,-180.000)   S20B sample DOWN 

60MoveLin(63.187,185.100,188,-180.000,0.000,-180.000)             S21Bsample UP
61MoveLin(63.187,185.100,120,-180.000,0.000,-180.000)   S21B sample DOWN 

62MoveLin(81.932,185.100,188,-180.000,0.000,-180.000)             S22Bsample UP
63MoveLin(81.932,185.100,120,-180.000,0.000,-180.000)   S22B sample DOWN 

64MoveLin(100.878,185.100,188,-180.000,0.000,-180.000)                   S23Bsample UP
65MoveLin(100.878,185.100,120,-180.000,0.000,-180.000)       S23B sample DOWN 

66MoveLin(119.623,185.100,188,-180.000,0.000,-180.000)             S24Bsample UP
67MoveLin(119.623,185.100,120,-180.000,0.000,-180.000)        S24B sample DOWN 

68MoveLin(25.897,164.272,188,-180.000,0.000,-180.000)             S13Bsample UP
69MoveLin(25.897,164.272,120,-180.000,0.000,-180.000)        S13B sample DOWN 

70MoveLin(44.642,164.272,188,-180.000,0.000,-180.000)             S14Bsample UP
71MoveLin(44.642,164.272,120,-180.000,0.000,-180.000)        S14B sample DOWN 

72MoveLin(63.387,164.272,188,-180.000,0.000,-180.000)             S15Bsample UP
73MoveLin(63.387,164.272,120,-180.000,0.000,-180.000)        S15B sample DOWN 

74MoveLin(82.133,164.272,188,-180.000,0.000,-180.000)             S16Bsample UP
75MoveLin(82.133,164.272,120,-180.000,0.000,-180.000)        S16B sample DOWN 

76MoveLin(100.878,164.272,188,-180.000,0.000,-180.000)             S17Bsample UP
77MoveLin(100.878,164.272,120,-180.000,0.000,-180.000)        S17B sample DOWN 

78MoveLin(119.623,164.272,188,-180.000,0.000,-180.000)             S18Bsample UP
79MoveLin(119.623,164.272,120,-180.000,0.000,-180.000)        S18B sample DOWN 

80MoveLin(26.097,143.244,188,-180.000,0.000,-180.000)           S7Bsample UP
81MoveLin(26.097,143.244,120,-180.000,0.000,-180.000)      S7B sample DOWN 

82MoveLin(44.842,143.244,188,-180.000,0.000,-180.000)           S8Bsample UP
83MoveLin(44.842,143.244,120,-180.000,0.000,-180.000)      S8B sample DOWN 

84MoveLin(63.587,143.244,188,-180.000,0.000,-180.000)           S9Bsample UP
85MoveLin(63.587,143.244,120,-180.000,0.000,-180.000)      S9B sample DOWN 

86MoveLin(82.333,143.244,188,-180.000,0.000,-180.000)           S10Bsample UP
87MoveLin(82.333,143.244,120,-180.000,0.000,-180.000)      S10B sample DOWN 

88MoveLin(101.078,143.444,188,-180.000,0.000,-180.000)         S11Bsample UP
89MoveLin(101.078,143.444,120,-180.000,0.000,-180.000)       S11B sample DOWN 

90MoveLin(119.823,143.444,188,-180.000,0.000,-180.000)         S12Bsample UP
91MoveLin(119.823,143.444,120,-180.000,0.000,-180.000)       S12B sample DOWN 

92MoveLin(26.297,122.416,188,-180.000,0.000,-180.000)          S1Bsample UP
93MoveLin(26.297,122.416,120,-180.000,0.000,-180.000)     S1B sample DOWN 

94MoveLin(45.042,122.416,188,-180.000,0.000,-180.000)          S2Bsample UP
95MoveLin(45.042,122.416,120,-180.000,0.000,-180.000)     S2B sample DOWN 

96MoveLin(63.787,122.416,188,-180.000,0.000,-180.000)          S3Bsample UP
97MoveLin(63.787,122.416,120,-180.000,0.000,-180.000)     S3B sample DOWN 

98MoveLin(82.533,122.416,188,-180.000,0.000,-180.000)          S4Bsample UP
99MoveLin(82.533,122.416,120,-180.000,0.000,-180.000)     S4B sample DOWN 

100MoveLin(101.278,122.416,188,-180.000,0.000,-180.000)          S5Bsample UP
101MoveLin(101.278,122.416,120,-180.000,0.000,-180.000)     S5B sample DOWN 

102MoveLin(120.023,122.416,188,-180.000,0.000,-180.000)          S6Bsample UP
103MoveLin(120.023,122.416,120,-180.000,0.000,-180.000)     S6B sample DOWN 

CASSETTE C
104MoveLin(184.8,143.441,180,180,0.0,-90)          S19C sample UP
105MoveLin(184.8,143.441,120,180,0.0,-90)          S19C sample DOWN 

106MoveLin(184.9,124.696,180,180,0.0,-90)          S20C sample UP
107MoveLin(184.9,124.696,120,180,0.0,-90)          S20C sample DOWN 

108MoveLin(185.1,105.951,180,180,0.0,-90)          S21C sample UP
109MoveLin(185.1,105.951,120,180,0.0,-90)          S21C sample DOWN 

110MoveLin(185.1,87.205,180,180,0.0,-90)          S22C sample UP
111MoveLin(185.1,87.205,120,180,0.0,-90)          S22C sample DOWN 

112MoveLin(185.3,68.46,180,180,0.0,-90)          S23C sample UP
113MoveLin(185.3,68.46,120,180,0.0,-90)            S23C sample DOWN 

114MoveLin(185.5,49.32,180,180,0.0,-90)            S24C sample UP
115MoveLin(185.5,49.32,120,180,0.0,-90)            S24C sample DOWN 

116MoveLin(164.176,143.441,188,180,0.0,-90)          S13C sample UP
117MoveLin(164.176,143.441,120,180,0.0,-90)          S13C sample DOWN 

118MoveLin(164.176,124.696,188,180,0.0,-90)          S14C sample UP
119MoveLin(164.176,124.696,120,180,0.0,-90)          S14C sample DOWN 

120MoveLin(164.576,105.951,188,180,0.0,-90)          S15C sample UP
121MoveLin(164.576,105.951,120,180,0.0,-90)          S15C sample DOWN 

122MoveLin(164.576,87.205,188,180,0.0,-90)          S16C sample UP
123MoveLin(164.576,87.205,120,180,0.0,-90)          S16C sample DOWN 

124MoveLin(164.576,68.46,188,180,0.0,-90)          S17C sample UP
125MoveLin(164.576,68.46,120,180,0.0,-90)          S17C sample DOWN 

126MoveLin(164.7,49.32,188,180,0.0,-90)          S18C sample UP
127MoveLin(164.7,49.32,120,180,0.0,-90)          S18C sample DOWN 

128MoveLin(143.348,143.441,188,180,0.0,-90)          S7C sample UP
129MoveLin(143.348,143.441,120,180,0.0,-90)          S7C sample DOWN 

130MoveLin(143.348,124.696,188,180,0.0,-90)          S8C sample UP
131MoveLin(143.348,124.696,120,180,0.0,-90)          S8C sample DOWN 

132MoveLin(143.348,105.951,188,180,0.0,-90)          S9C sample UP
133MoveLin(143.348,105.951,120,180,0.0,-90)          S9C sample DOWN 

134MoveLin(143.748,87.205,188,180,0.0,-90)          S10C sample UP
135MoveLin(143.748,87.205,120,180,0.0,-90)          S10C sample DOWN 

136MoveLin(143.948,68.46,188,180,0.0,-90)            S11C sample UP
137MoveLin(143.948,68.46,120,180,0.0,-90)          S11C sample DOWN 

138MoveLin(143.948,49.32,188,180,0.0,-90)            S12C sample UP
139MoveLin(143.948,49.32,120,180,0.0,-90)            S12C sample DOWN 

140MoveLin(122.520,143.441,188,180,0.0,-90)          S1C sample UP
141MoveLin(122.520,143.441,120,180,0.0,-90)     S1C sample DOWN 

142MoveLin(122.520,124.696,188,180,0.0,-90)          S2C sample UP
143MoveLin(122.520,124.696,120,180,0.0,-90)     S2C sample DOWN 

144MoveLin(122.920,105.951,188,180,0.0,-90)                S3C sample UP
145MoveLin(122.920,105.951,120,180,0.0,-90)         S3C sample DOWN 

146MoveLin(122.920,87.205,188,180,0.0,-90)               S4C sample UP
147MoveLin(122.920,87.205,120,180,0.0,-90)               S4C sample DOWN 

148MoveLin(123,68.46,188,180,0.0,-90)               S5C sample UP
149MoveLin(123,68.46,120,180,0.0,-90)               S5C sample DOWN 

150MoveLin(123.2,49.32,188,180,0.0,-90)               S6C sample UP
151MoveLin(123.2,49.32,120,180,0.0,-90)               S6C sample DOWN 

CASSETTE D
152MoveLin(185.8,.82,180,180,0.0,-90)                                     S19D sample UP
153MoveLin(185.8,.82,120,180,0.0,-90)                                   S19D sample DOWN 

154MoveLin(185.8,-17.925,180,180,0.0,-90)                              S20D sample UP
155MoveLin(185.8,-17.925,120,180,0.0,-90)                              S20D sample DOWN 

156MoveLin(185.8,-36.67,180,180,0.0,-90)                                S21D sample UP
157MoveLin(185.8,-36.67,120,180,0.0,-90)                              S21D sample DOWN 

158MoveLin(185.8,-55.416,180,180,0.0,-90)                              S22D sample UP
159MoveLin(185.8,-55.416,120,180,0.0,-90)                              S22D sample DOWN 

160MoveLin(185.9,-74.161,180,180,0.0,-90)                              S23D sample UP
161MoveLin(185.9,-74.161,120,180,0.0,-90)                              S23D sample DOWN 

162MoveLin(185.9,-93.106,180,180,0.0,-90)                              S24D sample UP
163MoveLin(185.9,-93.106,120,180,0.0,-90)                              S24D sample DOWN 

164MoveLin(164.97,.82,180,180,0.0,-90)                                    S13D sample UP
165MoveLin(164.97,.82,120,180,0.0,-90)                                    S13D sample DOWN 

166MoveLin(165.1,-17.925,180,180,0.0,-90)                               S14D sample UP
167MoveLin(165.1,-17.925,120,180,0.0,-90)                               S14D sample DOWN 

168MoveLin(165.1,-36.67,180,180,0.0,-90)                                 S15D sample UP
169MoveLin(165.1,-36.67,120,180,0.0,-90)                                 S15D sample DOWN 

170MoveLin(165.1,-55.416,180,180,0.0,-90)                               S16D sample  UP
171MoveLin(165.1,-55.416,120,180,0.0,-90)                               S16D sample DOWN 

172MoveLin(165.1,-74.161,180,180,0.0,-90)                               S17D sample UP
173MoveLin(165.1,-74.161,120,180,0.0,-90)                               S17D sample DOWN 

174MoveLin(165.1,-93.306,180,180,0.0,-90)                               S18D sample UP
175MoveLin(165.1,-93.306,120,180,0.0,-90)                               S18D sample DOWN 

176MoveLin(144.344,.62,180,180,0.0,-90)                                  S7D sample UP
177MoveLin(144.344,.62,120,180,0.0,-90)                                  S7D sample DOWN 

178MoveLin(144.344,-18.125,180,180,0.0,-90)                           S8D sample UP
179MoveLin(144.344,-18.125,120,180,0.0,-90)                           S8D sample DOWN 

180MoveLin(144.344,-36.87,180,180,0.0,-90)                             S9D sample UP
181MoveLin(144.344,-36.87,120,180,0.0,-90)                             S9D sample DOWN 

182MoveLin(144.344,-55.616,180,180,0.0,-90)                           S10D sample UP
183MoveLin(144.344,-55.616,120,180,0.0,-90)                           S10D sample DOWN 

184MoveLin(144.344,-74.761,180,180,0.0,-90)                           S11D sample UP
185MoveLin(144.344,-74.761,120,180,0.0,-90)                           S11D sample DOWN 

186MoveLin(144.344,-93.306,180,180,0.0,-90)                           S12D sample UP
187MoveLin(144.344,-93.306,120,180,0.0,-90)                           S12D sample DOWN 

188MoveLin(123.516,.62,180,180,0.0,-90)                                   S1D sample UP
189MoveLin(123.516,.62,120,180,0.0,-90)                                   S1D sample DOWN 

190MoveLin(123.516,-18.125,180,180,0.0,-90)                           S2D sample UP
191MoveLin(123.516,-18.125,120,180,0.0,-90)                           S2D sample DOWN 

192MoveLin(123.516,-36.87,180,180,0.0,-90)                              S3D sample UP
193MoveLin(123.516,-36.87,120,180,0.0,-90)                              S3D sample DOWN 

194MoveLin(123.516,-55.616,180,180,0.0,-90)                            S4D sample UP
195MoveLin(123.516,-55.616,120,180,0.0,-90)                            S4D sample DOWN 

196MoveLin(123.516,-74.761,180,180,0.0,-90)                            S5D sample UP
197MoveLin(123.516,-74.761,120,180,0.0,-90)                            S5D sample DOWN 

198MoveLin(123.516,-93.306,180,180,0.0,-90)                            S6D sample UP
199MoveLin(123.516,-93.306,120,180,0.0,-90)                            S6D sample DOWN 
